18803.63953488372
19099.162790697676
18934.93023255814
18833.011627906977
18676.174418604653
18751.95348837209
18472.837209302324
18538.79069767442
18741.581395348836
18768.25581395349
18889.39534883721
18810.13953488372
18663.511627906977
18644.29069767442
17992.81395348837
17795.60465116279
17243.68604651163
16954.581395348836
16986.8488372093
17257.988372093023
17149.197674418603
17145.662790697676
17251.779069767443
17618.267441860466
17237.837209302324
18127.162790697676
17984.232558139534
18680.45348837209
18378.023255813954
18544.511627906977
18150.89534883721
18240.662790697676
18185.43023255814
18355.232558139534
18082.56976744186
18271.302325581397
18402.10465116279
18028.337209302324
18047.53488372093
18578.10465116279
18385.86046511628
18209.023255813954
18548.976744186046
18007.20930232558
17741.011627906977
17684.418604651164
17321.197674418603
17750.68604651163
17389.13953488372
16930.162790697676
17064.941860465115
16702.488372093023
16378.5
16643.5
17308.46511627907
17457.406976744187
17788.174418604653
17974.023255813954
17063.197674418603
17286.720930232557
17839.127906976744
16816.081395348836
17087.03488372093
16834.906976744187
16876.70930232558
17115.325581395347
16830.56976744186
16393.8488372093
16723.5
16697.39534883721
16794.70930232558
15686.360465116279
15192.720930232557
15218.837209302326
14721.139534883721
13869.255813953489
14186.32558139535
14252.60465116279
14154.941860465116
13821.82558139535
14013.348837209302
14295.686046511628
14110.302325581395
13554.918604651162
13414.290697674418
13289.0
13110.081395348838
12623.662790697674
12537.441860465116
10430.872093023256
10265.744186046511
9915.06976744186
9059.372093023256
8732.802325581395
9021.209302325582
8507.67441860465
8500.0
8500.0
8500.0
8500.0
8500.0
8500.0
8500.0
8505.93023255814
8500.0
8500.0
8500.0
8500.0
8500.0
8500.0
8500.0
8646.43023255814
8500.0
8500.0
8500.0
8510.848837209302
8539.244186046511
8543.639534883721
8524.32558139535
8540.837209302326
8500.0
8500.0
8500.0
8529.790697674418
8602.383720930233
8720.546511627907
8729.96511627907
8756.39534883721
9060.720930232557
9241.232558139534
9670.60465116279
9844.081395348838
10152.918604651162
10196.244186046511
11279.593023255815
11396.813953488372
11719.697674418605
12618.837209302326
13459.732558139534
13663.5
15458.988372093023
15000.43023255814
14566.023255813954
14411.5
16289.03488372093
16047.651162790698
16018.941860465116
16815.081395348836
15927.941860465116
15919.209302325582
15534.279069767443
16580.89534883721
17912.43023255814
17691.593023255813
16755.25581395349
16977.674418604653
16602.8488372093
16807.093023255813
17242.56976744186
18114.511627906977
17845.25581395349
18161.63953488372
18057.523255813954
17390.325581395347
17583.511627906977
17871.56976744186
18181.43023255814
18647.720930232557
19563.53488372093
20335.511627906977
20272.523255813954
19625.20930232558
19164.732558139534
19662.45348837209
19046.5
18907.54651162791
20243.68604651163
20234.616279069767
21255.616279069767
20552.25581395349
20095.441860465115
19176.86046511628
21852.03488372093
20927.906976744187
22678.03488372093
21249.674418604653
21964.720930232557
22394.511627906977
21537.279069767443
21558.5
22794.89534883721
22113.116279069767
22915.79069767442
22745.779069767443
22341.0
22261.96511627907
22393.6511627907
22143.779069767443
22349.279069767443
22474.279069767443
22831.54651162791
22374.976744186046
22310.488372093023
23156.45348837209
23081.023255813954
24004.627906976744
24681.011627906977
24758.53488372093
24711.593023255813
24285.941860465115
24506.54651162791
23443.46511627907
23060.116279069767
24243.95348837209
23978.220930232557
23828.13953488372
23871.95348837209
23937.75581395349
23424.941860465115
23491.883720930233
22859.54651162791
22131.46511627907
22219.116279069767
22772.81395348837
22283.8488372093
22263.627906976744
22705.8488372093
23335.906976744187
22934.20930232558
23083.220930232557
23209.418604651164
22873.174418604653
22920.70930232558
22576.976744186046
22521.174418604653
22070.53488372093
21570.220930232557
20904.5
20294.53488372093
19916.197674418603
20401.488372093023
21084.872093023256
21294.837209302324
22041.29069767442
21862.95348837209
22488.220930232557
22256.093023255813
23490.662790697676
23313.581395348836
24254.220930232557
23781.779069767443
23583.627906976744
23056.56976744186
23318.837209302324
24514.488372093023
24990.0
24990.0
24990.0
24990.0
24990.0
24365.337209302324
24010.325581395347
24990.0
24990.0
24584.941860465115
24721.779069767443
24938.46511627907
24990.0
24800.20930232558
24373.24418604651
24828.883720930233
24018.232558139534
24054.174418604653
24218.976744186046
23175.906976744187
24990.0
24990.0
24846.63953488372
24796.04651162791
24473.3488372093
24860.825581395347
24924.779069767443
24990.0
24695.093023255813
24694.8488372093
24990.0
24617.56976744186
24504.488372093023
24805.976744186046
24990.0
24845.24418604651
24990.0
24860.372093023256
24825.662790697676
24429.54651162791
24365.86046511628
24185.81395348837
24333.779069767443
24560.81395348837
24744.976744186046
24784.918604651164
24892.081395348836
24585.03488372093
24681.441860465115
24681.837209302324
24836.39534883721
24643.13953488372
24601.0
24990.0
24843.337209302324
24990.0
24935.802325581397
24883.616279069767
24990.0
24990.0
24990.0
24990.0
24990.0
24964.95348837209
24990.0
24990.0
24771.616279069767
24793.523255813954
24767.220930232557
24648.5
24706.127906976744
24597.116279069767
24218.779069767443
23807.197674418603
24105.732558139534
24131.081395348836
24519.372093023256
24012.96511627907
24150.372093023256
24573.53488372093
24709.116279069767
24680.476744186046
24742.058139534885
24658.279069767443
24480.337209302324
23818.127906976744
24077.802325581397
24501.441860465115
24489.70930232558
24481.20930232558
24278.081395348836
24587.581395348836
24667.825581395347
24628.976744186046
24425.70930232558
24887.279069767443
24941.779069767443
24936.383720930233
24990.0
24990.0
24990.0
24825.79069767442
24823.779069767443
24637.441860465115
24322.6511627907
24578.43023255814
24145.79069767442
24224.302325581397
24447.56976744186
24503.476744186046
24894.058139534885
24990.0
24760.5
24881.720930232557
24990.0
24757.162790697676
24990.0
24990.0
24690.174418604653
24561.558139534885
24529.43023255814
24048.906976744187
23635.68604651163
24666.220930232557
24513.302325581397
24598.3488372093
24990.0
24623.56976744186
24815.627906976744
24228.174418604653
24301.127906976744
23742.56976744186
23805.197674418603
23594.43023255814
23595.45348837209
23687.06976744186
24032.488372093023
22892.93023255814
22925.837209302324
23526.3488372093
24504.488372093023
24038.697674418603
23416.406976744187
23928.53488372093
23629.674418604653
23844.63953488372
24262.116279069767
24537.616279069767
24711.023255813954
24409.81395348837
24223.96511627907
24398.56976744186
24121.523255813954
23989.75581395349
24380.95348837209
24405.093023255813
24170.54651162791
24190.627906976744
24013.95348837209
24214.13953488372
24434.43023255814
24134.68604651163
24538.941860465115
24555.627906976744
24638.674418604653
24603.941860465115
24540.04651162791
24518.18604651163
24681.174418604653
24183.162790697676
24453.220930232557
23931.60465116279
24178.674418604653
24329.39534883721
24491.197674418603
24909.779069767443
24733.8488372093
24927.093023255813
24734.581395348836
24684.476744186046
24456.662790697676
24438.593023255813
24510.732558139534
24902.127906976744
24937.406976744187
24922.93023255814
24501.406976744187
24917.406976744187
24915.75581395349
24751.86046511628
24672.0
24601.53488372093
24973.627906976744
24921.174418604653
24988.13953488372
24990.0
24990.0
24990.0
24799.418604651164
24608.593023255813
24608.488372093023
24752.976744186046
24779.46511627907
24757.488372093023
24974.406976744187
24963.45348837209
24925.04651162791
24955.74418604651
24960.558139534885
24747.174418604653
24779.5
24741.558139534885
24581.511627906977
24782.79069767442
24726.511627906977
24688.43023255814
24719.36046511628
24990.0
24990.0
24963.45348837209
24990.0
24984.081395348836
24364.523255813954
24385.616279069767
24759.406976744187
24806.43023255814
24660.162790697676
24951.872093023256
24801.232558139534
24936.04651162791
24955.988372093023
24781.837209302324
24792.5
24833.581395348836
24952.674418604653
24841.75581395349
24608.267441860466
24414.988372093023
24441.093023255813
24338.232558139534
24035.627906976744
23303.372093023256
23105.197674418603
22081.011627906977
21556.95348837209
22097.802325581397
22388.31395348837
22597.197674418603
21955.593023255813
22134.220930232557
22210.54651162791
22985.779069767443
23296.20930232558
23362.511627906977
22831.627906976744
23303.220930232557
23383.162790697676
23778.511627906977
23704.29069767442
24001.732558139534
23432.720930232557
24516.337209302324
24684.18604651163
24735.20930232558
24876.802325581397
24953.54651162791
24990.0
24970.476744186046
24990.0
24990.0
24823.116279069767
24801.03488372093
24820.174418604653
24480.56976744186
24489.872093023256
24313.302325581397
24472.883720930233
23952.46511627907
24631.53488372093
24631.325581395347
24648.837209302324
24631.220930232557
24950.779069767443
24759.96511627907
24736.89534883721
24900.20930232558
24857.081395348836
24797.697674418603
24812.75581395349
24915.0
24937.872093023256
24772.372093023256
24435.24418604651
24990.0
24914.418604651164
24955.39534883721
24938.75581395349
24990.0
24849.220930232557
24792.511627906977
24782.79069767442
24565.941860465115
24884.558139534885
24969.116279069767
24950.24418604651
24950.6511627907
24770.302325581397
24443.418604651164
24924.74418604651
24910.802325581397
24929.372093023256
24862.976744186046
24739.093023255813
24834.5
24779.523255813954
24836.68604651163
24736.441860465115
24879.593023255813
24628.24418604651
24603.779069767443
24964.581395348836
24953.6511627907
24883.162790697676
24720.56976744186
24283.523255813954
24301.302325581397
24218.13953488372
24499.89534883721
24571.906976744187
24601.46511627907
24486.127906976744
24590.627906976744
24703.18604651163
24749.74418604651
24818.883720930233
24760.86046511628
24773.89534883721
24891.31395348837
24805.337209302324
24771.04651162791
24610.302325581397
24433.511627906977
24447.8488372093
24388.24418604651
24569.75581395349
24377.058139534885
24392.767441860466
24699.558139534885
24614.95348837209
24584.058139534885
24771.116279069767
24990.0
24967.06976744186
24955.63953488372
24881.023255813954
24909.39534883721
24972.523255813954
24808.220930232557
24990.0
24586.720930232557
24751.63953488372
24990.0
24840.74418604651
24720.03488372093
24990.0
24925.418604651164
24876.93023255814
24721.023255813954
24619.302325581397
24578.31395348837
24818.732558139534
24786.53488372093
24771.232558139534
24894.906976744187
24962.488372093023
24972.79069767442
24933.558139534885
24753.825581395347
24754.06976744186
24990.0
24990.0
24867.3488372093
24802.10465116279
24833.674418604653
24990.0
24835.732558139534
24835.60465116279
24708.093023255813
24665.18604651163
24990.0
24990.0
24820.058139534885
24543.511627906977
24645.20930232558
24561.918604651164
24518.767441860466
24839.8488372093
24990.0
24821.174418604653
24719.093023255813
24668.6511627907
24383.906976744187
24343.023255813954
23980.883720930233
23818.906976744187
23372.337209302324
23780.697674418603
23999.68604651163
23635.04651162791
23778.63953488372
23778.406976744187
23301.04651162791
23204.011627906977
23846.372093023256
24359.74418604651
24188.418604651164
24245.53488372093
24318.8488372093
24415.941860465115
24990.0
24893.06976744186
24890.46511627907
24990.0
24499.25581395349
24815.13953488372
24904.53488372093
24990.0
24990.0
24990.0
24990.0
24627.883720930233
24461.662790697676
24442.802325581397
24489.60465116279
24042.93023255814
23894.988372093023
23917.6511627907
24217.127906976744
24338.058139534885
24722.60465116279
24828.372093023256
24990.0
24652.697674418603
24661.488372093023
24707.593023255813
24748.0
24565.093023255813
24597.43023255814
24568.558139534885
24945.523255813954
24990.0
24972.058139534885
24920.883720930233
24611.89534883721
24424.89534883721
24514.24418604651
24399.116279069767
24682.779069767443
24691.46511627907
24545.81395348837
24536.24418604651
24635.06976744186
24843.95348837209
24713.523255813954
24689.81395348837
24892.279069767443
24856.1511627907
24958.5
24907.406976744187
24850.872093023256
24846.96511627907
24750.63953488372
24990.0
24847.697674418603
24843.883720930233
24860.10465116279
24990.0
24990.0
24990.0
24939.74418604651
24855.732558139534
24779.197674418603
24800.988372093023
24918.372093023256
24946.906976744187
24827.3488372093
24724.36046511628
24664.302325581397
24656.523255813954
24559.197674418603
24677.441860465115
24669.372093023256
24629.302325581397
24723.13953488372
24798.441860465115
24561.54651162791
24230.75581395349
24015.53488372093
24162.53488372093
24071.20930232558
24487.662790697676
24395.174418604653
24384.418604651164
24372.988372093023
24470.232558139534
24428.872093023256
24801.79069767442
24722.10465116279
24897.627906976744
24856.872093023256
24794.3488372093
24842.79069767442
24762.988372093023
24943.81395348837
24829.10465116279
24908.883720930233
24683.779069767443
24549.081395348836
24583.04651162791
24445.662790697676
24349.441860465115
24698.70930232558
24701.68604651163
24928.70930232558
24721.20930232558
24990.0
24990.0
24958.383720930233
24857.06976744186
24990.0
24990.0
24873.988372093023
24734.627906976744
24827.267441860466
24881.988372093023
24622.04651162791
24744.8488372093
24573.732558139534
24401.476744186046
24383.058139534885
24652.767441860466
24884.96511627907
24930.53488372093
24931.023255813954
24893.25581395349
24893.6511627907
24931.74418604651
24748.337209302324
24528.10465116279
24241.5
24228.488372093023
23874.04651162791
24402.662790697676
24619.406976744187
24658.68604651163
24803.616279069767
24865.302325581397
24670.732558139534
24651.837209302324
24600.79069767442
24709.511627906977
24792.36046511628
24774.418604651164
24651.74418604651
24630.558139534885
24415.31395348837
24461.220930232557
24463.45348837209
24440.988372093023
24666.383720930233
24531.627906976744
24482.883720930233
24404.418604651164
24702.116279069767
24853.1511627907
24958.60465116279
24830.75581395349
24852.5
24914.476744186046
24787.011627906977
24682.825581395347
24399.627906976744
24437.5
24651.825581395347
24688.488372093023
24990.0
24982.627906976744
24990.0
24826.976744186046
24635.383720930233
24619.558139534885
24679.488372093023
24518.837209302324
24829.75581395349
24608.5
24688.10465116279
24703.802325581397
24990.0
24986.697674418603
24961.720930232557
24990.0
24598.8488372093
24626.39534883721
24571.906976744187
24990.0
24883.81395348837
24785.476744186046
24459.20930232558
24202.8488372093
24192.81395348837
24334.976744186046
24067.5
23971.872093023256
23676.825581395347
24541.18604651163
24662.197674418603
24705.3488372093
24738.29069767442
24829.220930232557
24707.6511627907
24329.476744186046
24703.058139534885
24450.1511627907
24253.10465116279
24333.45348837209
23972.325581395347
24467.25581395349
24608.825581395347
24571.13953488372
24543.267441860466
24107.476744186046
24516.593023255813
24167.43023255814
23909.20930232558
24059.872093023256
24016.058139534885
23896.220930232557
24175.25581395349
24081.674418604653
24179.06976744186
24824.627906976744
24843.162790697676
24845.581395348836
24873.581395348836
24726.45348837209
24363.5
24576.325581395347
24486.918604651164
24328.732558139534
24616.46511627907
24514.267441860466
24569.1511627907
24820.24418604651
24481.5
24896.10465116279
24990.0
24990.0
24811.60465116279
24835.127906976744
24762.24418604651
24848.720930232557
24990.0
24895.941860465115
24990.0
24965.31395348837
24962.872093023256
24990.0
24898.24418604651
24710.79069767442
24490.825581395347
24455.023255813954
24554.10465116279
24815.976744186046
24555.011627906977
24649.162790697676
24664.883720930233
24553.697674418603
24739.70930232558
24309.04651162791
23707.720930232557
23329.74418604651
23881.488372093023
23758.325581395347
23811.174418604653
23717.662790697676
23457.93023255814
23705.74418604651
24059.6511627907
24015.25581395349
24420.023255813954
24338.383720930233
24192.697674418603
24211.86046511628
24184.75581395349
23749.488372093023
23706.627906976744
23295.616279069767
23835.023255813954
23978.488372093023
24283.662790697676
23909.56976744186
23870.906976744187
24074.511627906977
23883.75581395349
23315.511627906977
23003.39534883721
23365.31395348837
23595.63953488372
24367.56976744186
24340.418604651164
24434.25581395349
24708.8488372093
24511.802325581397
24812.662790697676
24825.406976744187
24859.24418604651
24707.418604651164
24683.488372093023
24445.732558139534
23857.011627906977
23913.89534883721
23848.976744186046
24142.906976744187
24062.267441860466
24528.558139534885
24758.767441860466
24703.54651162791
24753.79069767442
24704.54651162791
24503.24418604651
24496.337209302324
24139.6511627907
24523.732558139534
24790.86046511628
24929.25581395349
24954.616279069767
24990.0
24990.0
24823.697674418603
24820.523255813954
24630.63953488372
24799.232558139534
24670.162790697676
24354.279069767443
24076.593023255813
