24734
25229
24371
24300
25087
27774
27483
25734
26491
25701
26546
23344
21996
21691
22416
23717
20415
21596
20556
20104
20285
20527
20986
21173
22170
22376
20934
21686
21632
21225
21113
22822
22315
23478
22248
24014
22622
22381
22407
23152
22457
23152
22513
22329
21349
20976
20923
21278
20639
20887
21577
21735
20062
22070
23690
22672
22688
23004
24321
23164
23160
20573
20423
20421
20258
21379
19604
19891
20318
19824
20542
19264
19214
19328
18524
17670
17606
17953
17689
16627
26304
26060
25668
25040
24768
22416
22208
19008
17336
11736
11188
10548
9268
8808
9212
8525
8500
8500
8500
8500
8500
8500
8500
8508
8500
8500
8500
8500
8500
8500
8500
8700
8500
8500
8500
8698
9192
9058
9146
9691
8500
8500
8500
9221
9746
9842
10283
10930
11350
12851
11867
12678
13044
13563
14560
14245
14969
15171
17660
18075
19795
19161
18333
18703
20421
19249
19124
20605
20409
20747
20936
21918
22221
21496
20004
21369
19956
20479
19564
21166
22307
22361
22137
21682
20737
21112
21209
21476
22696
22430
22940
22742
22845
22441
22651
23121
23326
22955
24066
23212
23543
23520
24649
24441
24493
23748
23989
24076
23328
23817
24568
24117
24200
24341
23709
23980
24335
23881
24204
23833
24357
23998
23843
24338
24158
24438
24935
24939
24962
24828
24882
24552
24068
24670
24428
24389
24496
24712
24090
24158
23928
23598
23190
24358
24808
24987
26473
25217
25358
26290
26357
24217
24194
23948
24278
24531
24047
23251
22444
22336
23341
23452
23895
24256
23946
23869
24136
24691
24392
24787
24423
24232
24126
24311
24884
24990
24990
24990
24990
24990
24613
24607
24990
24990
24892
25000
24993
24990
24991
24756
25042
24622
24632
24725
24002
24990
24990
25025
25046
24980
24980
24985
24990
24802
24802
24990
24852
25177
25154
24990
25019
24990
24985
24985
24932
24932
24952
24950
24918
24975
24996
24986
24790
24794
24802
24984
25144
24974
24990
24981
24990
24982
24984
24990
24990
24990
24990
24990
24992
24990
24990
25150
25165
25293
25476
25587
25567
25285
24807
24685
24657
24788
24780
24563
24844
24806
24947
24974
24876
24843
24624
24599
24917
24918
24919
24793
24847
24974
24873
24922
24982
24989
24988
24990
24990
24990
24972
24977
24988
25102
25081
24772
24565
24762
24807
24994
24990
24989
24985
24990
24989
24990
24990
24812
24925
24868
24634
26384
25105
24859
24866
24990
24950
24956
24694
25136
25026
24625
27644
24438
24471
25491
23900
23837
24380
24892
24756
24811
24504
24401
24450
24720
24971
24858
24815
24825
24838
24705
24704
24753
24800
24675
24597
24653
24709
25375
24784
24868
25307
25501
25293
25286
25284
24891
24592
24845
24608
24770
24903
24793
24990
24987
24994
24947
24987
24983
24854
24758
25002
24985
24990
24863
25000
24994
24870
24889
24898
24983
24989
24992
24990
24990
24990
24898
24902
24808
24863
24983
24972
25203
25196
24954
24968
24968
24869
24928
24917
24844
24913
24899
24895
24913
24990
24990
24989
24990
24990
24733
24667
24881
24896
24866
24990
24986
24990
24990
24993
24994
24994
24994
25009
25037
24789
24794
24675
24524
24098
24042
23358
23504
23868
23802
23632
23755
23803
23517
24033
24372
24301
24330
24449
24537
24622
24510
24750
24409
24763
24900
24900
24986
24994
24990
25011
24990
24990
24902
24958
24921
24735
24817
24722
24703
24583
24810
24831
24810
24950
24991
24895
24992
24994
24997
25020
25054
24974
24979
24978
25031
24990
24983
24987
24987
24990
24989
24992
24992
24910
24992
24988
24985
24990
26006
24747
24985
24985
24985
24980
25012
24965
24970
25059
25049
24997
25015
25070
24990
24990
25016
24860
24655
24725
24559
24829
24922
25038
25007
25023
25013
24986
25007
24998
25027
25014
25042
24903
24779
24668
24690
24648
24732
24610
24648
25096
24841
24774
24870
24990
24987
24985
25020
25024
24988
24894
24990
24877
24878
24990
24978
24975
24990
24988
24986
24987
24894
24921
24906
24950
24967
24990
24990
24990
24990
24886
24886
24990
24990
24982
24957
24965
24990
24882
24882
24890
24800
24990
24990
24891
24795
24926
24838
24907
24956
24990
24915
24909
24903
24752
24789
24528
24475
24304
24478
24563
24466
24536
24551
24273
24233
24640
24851
24862
24838
24840
24901
24990
24989
24988
24990
24878
24984
24985
24990
24990
24990
24990
25131
24883
24945
24914
24734
24600
24602
24679
24821
25145
24980
24990
25117
24978
24981
24971
24952
24970
24980
25164
24990
24987
24984
24965
24923
24978
25073
24951
26163
26531
24971
25013
24967
25251
24979
24976
24973
24984
24998
24985
25035
24941
24990
24938
24934
24904
24990
24990
24990
24988
24992
24990
24990
25003
25014
25014
25018
25069
25061
25072
25041
25130
25078
25040
24973
24950
24934
24679
25041
24768
24904
25063
25111
25122
24988
24998
24983
25017
25046
24985
24919
24989
24976
25079
24989
24990
24991
24992
25027
25063
25103
25006
25013
24984
24980
24990
24990
24987
24987
24990
24990
24980
24895
24973
24987
24941
24988
24958
24959
24952
24973
24983
24982
24991
24981
24981
24991
24979
24954
24868
24799
24748
24833
24929
24902
24952
24981
24955
24954
24960
24959
24972
24969
24964
24963
24890
24866
24919
24974
24961
24949
24955
24942
24975
24975
24978
24980
24981
24995
24994
25000
25000
24991
24988
24928
24990
24987
24990
24937
24842
24908
24988
24872
24984
24925
24961
24929
24990
26228
25669
24990
25147
24999
24863
24990
24989
24988
24985
24984
24889
24908
24792
24645
24563
24908
24986
24993
24963
24964
24955
24915
25087
25122
25250
24903
24968
24997
24999
24914
25002
24805
24882
24781
24580
24657
24805
24760
24857
24867
24881
24934
24940
24991
24989
24892
24771
24899
24875
24960
24981
24978
24889
24940
24837
24940
24990
24990
24938
24994
24969
24982
24990
24988
24990
24990
24990
24990
24985
24975
24874
24829
24834
24980
24908
24906
24969
24898
24933
24722
24526
24351
24709
24634
24573
24483
24405
24460
24570
24756
24763
24761
24705
24744
24683
24514
24811
25123
25152
24876
24919
24781
24913
24871
24607
24381
24334
24417
24659
24770
24842
24783
24910
24847
24951
24946
24962
24942
24946
24894
24575
24605
24662
24699
24614
24926
24980
24934
24908
24909
24818
24858
24701
24907
24952
24993
24988
24990
24990
24940
24940
24851
24939
24883
24733
24565
