23984
23881
22718
22475
23344
23130
22636
22135
22361
24222
21787
22532
22998
23153
24325
23258
22706
22483
23299
22282
19915
18631
19930
20215
19986
21067
18832
19791
19496
20511
20507
20890
20613
20919
21035
21256
22189
20026
20123
19419
19141
19710
19441
21557
22312
22042
20649
19423
19889
20385
20034
21474
20872
21050
20996
21826
21723
22612
23370
23329
23576
24337
23986
24207
24477
24585
24469
24969
24717
25122
24889
25029
25024
25178
25305
25257
25224
25317
25479
25433
25479
25444
25500
25500
25500
25500
25500
25500
25500
25445
25500
25500
25500
25500
25500
25500
25500
25500
25500
25542
25677
25468
25500
25500
25500
25500
25493
25493
25500
25500
25500
25500
25500
25448
25448
25500
25500
25500
25500
25451
25335
25390
25445
25445
25343
25321
25390
25434
25500
25500
25500
25500
25675
25448
25451
25500
25500
25500
25500
25477
25477
25500
25500
25500
25500
25500
25500
25500
25500
25500
25500
25511
25500
25500
25500
25500
25500
25500
25460
25504
29591
29617
31601
31521
28633
25549
30223
25500
25454
25450
25440
25428
25399
25467
25448
25540
31207
29738
25500
25433
25501
25467
25501
25501
28060
25516
27408
25521
25412
25555
25451
25500
25500
25500
25500
25511
25500
25500
25500
25500
25500
25500
25500
25500
25500
25500
25500
25500
32412
33664
36680
25477
25500
25493
25493
25451
25452
25491
25497
31493
30935
31098
30969
31438
28638
28330
28788
24945
29160
32274
32485
33043
33367
29416
30151
25015
25005
27100
25357
27821
28792
25866
25163
25117
24958
25128
26298
25141
25275
25224
25178
25231
25442
25288
25444
25500
25500
25500
25491
25500
25500
25500
25500
25500
25500
25500
25453
25500
25487
25505
25500
25456
25404
25453
25488
25500
25500
25500
25500
25452
25404
25356
25443
25500
25500
25500
25500
25500
25500
25500
25500
25500
25451
25500
25500
25500
25500
25467
25500
25465
25500
25500
25500
25500
25500
25500
25500
25467
25412
25418
25500
25452
25404
25409
25367
25404
25395
25395
25500
25451
25500
25500
25500
25632
25452
25353
25453
25500
25452
25429
25416
25416
25465
25465
25500
25500
25445
25491
25493
25500
25500
25500
25616
25454
25442
25500
25452
25465
25465
25465
25500
25500
25489
25500
25467
25368
25434
25623
25500
25500
25500
25500
25500
25500
25500
25500
25497
25500
25500
25500
25500
25500
25500
25500
25500
25500
25500
25500
25465
25500
25500
25500
25500
25488
25454
25476
25500
25500
25497
25497
25479
25402
25239
25149
25217
25485
25500
25490
25500
25525
25500
25500
25500
25483
25500
25500
25500
25500
25494
25486
25479
25349
25451
25433
25472
25432
25450
25437
25452
25455
25479
25458
25219
25427
25500
25500
25490
25493
25481
25492
25492
25339
25492
25468
25481
25512
25512
25491
25376
25456
25444
25416
25180
25441
25333
25434
25287
25305
25318
25351
25291
25517
25575
25494
25462
25500
25500
25500
25500
25500
25518
25500
25500
25500
25500
25437
25548
25532
25564
25174
25278
25500
25500
25535
25340
25401
25401
25335
25135
25282
25643
25616
25386
25604
25569
25569
25566
25399
25398
25500
25500
25500
25401
25521
25456
25208
25239
25475
25413
25473
25445
25472
25500
25399
25345
25500
25500
25500
25494
25500
25500
25531
25531
25562
25531
25534
25498
25501
25455
25297
25490
25490
25500
25500
25500
25500
25500
25500
25500
25500
25500
25500
25500
25500
25489
25500
25500
25485
25465
25500
25492
25500
25500
25516
25430
25500
25446
25494
25494
25500
25500
25500
25500
25500
25490
25500
25302
25500
25500
25345
25042
25111
25116
25500
25500
25500
25500
25500
25490
25490
25363
25347
25338
25244
25483
25500
25495
25500
25500
25500
25500
25500
25497
25500
25500
25500
25500
25500
25492
25495
25495
25473
25473
25516
25490
25500
25500
25500
25492
25500
25495
25495
25500
25500
25500
25500
25500
25495
25495
25485
25477
25477
25500
25497
25500
25500
25500
25500
25500
25500
25500
25470
25497
25470
25446
25473
25441
25473
25500
25510
25497
25500
25497
25495
25495
25500
25500
25494
25500
25475
25500
25500
25500
25489
25478
25497
25497
25500
25500
25500
25500
25500
25500
25500
25500
25500
25500
25500
25500
25549
25500
25484
25500
25500
25500
25500
25500
25500
25500
25500
25500
25500
25500
25492
25492
25422
25478
25370
25490
25482
25471
25500
25500
25500
25500
25500
25484
25500
25500
25500
25500
25500
25500
25500
25500
25492
25500
25500
25443
25437
25420
25226
25206
25404
25377
25485
25485
25401
25475
25434
25492
25492
25500
25500
25500
25500
25500
25500
25500
25500
25500
25491
25491
25500
25487
25490
25490
25492
25500
25500
25489
25500
25500
25500
25500
25500
25429
25387
25214
25412
25410
25290
25450
25600
25525
25488
25436
25449
25346
25455
25549
25494
25494
25500
25500
25495
25500
25476
25500
25535
25535
25500
25500
25500
25500
25500
25494
25500
25500
25500
25500
25487
25489
25484
25416
25417
25492
25484
25500
25500
25500
25492
25500
25500
25489
25489
25500
25494
25500
25500
25500
25500
25500
25500
25500
25500
25500
25500
25510
25500
25500
25500
25500
25500
25484
25486
25495
25495
25490
25490
25495
25442
25414
25393
25299
25388
25383
25345
25389
25389
25390
25443
25452
25406
25385
25515
25428
25387
25475
25470
25401
25294
25424
25481
25462
25527
25417
25422
25398
25426
25451
25516
25500
25519
25532
25519
25519
25519
25542
25519
25519
25535
25462
25467
25409
25461
25449
25519
25463
26289
25720
25449
26092
25500
25500
25531
25432
25428
25500
25567
25500
25500
25500
25500
25433
25484
25474
25500
25500
25500
25500
25500
25500
25523
25523
25527
25500
25545
25513
25500
25500
25500
25500
25500
25500
25500
25407
25518
25509
25491
25518
25500
25500
25500
26026
26453
26211
25624
25398
25493
25780
26196
25476
25997
25658
25400
25476
25470
25479
25473
25377
25256
25435
25493
25363
25476
25380
25467
25479
25464
25464
25486
25478
25477
25418
25521
25456
25359
25479
25411
25485
25488
25482
25485
25745
25562
25565
25491
25596
25493
25599
25519
25678
25554
25482
25534
25485
25781
25488
25491
25514
25497
25513
25513
25530
25547
25548
25565
25500
25500
25500
25500
25500
25829
25582
25885
25621
25689
25495
25497
25512
25500
25500
25500
25500
25500
25500
25535
25647
25500
25500
25517
25517
25517
25497
25494
25500
25500
25500
25500
