19453.79069767442
19202.558139534885
19231.81395348837
19069.89534883721
18939.24418604651
18380.1511627907
18387.43023255814
17973.46511627907
17932.95348837209
17888.220930232557
17575.220930232557
17588.39534883721
17804.732558139534
17832.662790697676
17524.232558139534
17353.95348837209
17161.3488372093
17346.697674418603
17076.767441860466
16599.20930232558
15780.313953488372
15638.976744186046
16069.255813953489
15377.639534883721
15688.883720930233
15382.581395348838
15126.313953488372
15607.639534883721
15664.453488372093
15892.848837209302
14857.244186046511
15296.953488372093
14986.511627906977
15333.709302325582
15911.953488372093
15959.60465116279
16375.67441860465
16489.174418604653
16176.686046511628
15770.348837209302
16097.686046511628
15906.813953488372
15593.60465116279
15227.046511627907
15659.046511627907
15290.616279069767
15139.93023255814
15703.5
16488.732558139534
16127.883720930233
15656.732558139534
16746.74418604651
16479.697674418603
16710.70930232558
16755.581395348836
17131.10465116279
17603.86046511628
18456.79069767442
19680.31395348837
20199.220930232557
20646.220930232557
22284.04651162791
21959.20930232558
21653.941860465115
22364.011627906977
22624.406976744187
22580.18604651163
23108.56976744186
22869.837209302324
23962.36046511628
23355.418604651164
23875.023255813954
24021.74418604651
24415.941860465115
24729.46511627907
24353.68604651163
24665.523255813954
24867.116279069767
25127.988372093023
25138.24418604651
25168.581395348836
25376.011627906977
25500.0
25500.0
25500.0
25500.0
25500.0
25500.0
25500.0
25247.697674418603
25500.0
25500.0
25500.0
25500.0
25500.0
25500.0
25500.0
25500.0
25500.0
25267.023255813954
25272.872093023256
25306.883720930233
25500.0
25500.0
25500.0
25500.0
25299.325581395347
25313.95348837209
25500.0
25500.0
25500.0
25500.0
25500.0
25376.174418604653
25378.825581395347
25500.0
25500.0
25500.0
25500.0
25355.3488372093
25024.18604651163
25185.837209302324
25369.74418604651
25369.674418604653
25133.93023255814
25120.10465116279
25221.174418604653
25255.325581395347
25500.0
25500.0
25500.0
25500.0
25393.523255813954
25383.720930232557
25226.476744186046
25500.0
25500.0
25500.0
25500.0
25401.976744186046
25400.883720930233
25500.0
25500.0
25500.0
25500.0
25500.0
25500.0
25500.0
25500.0
25500.0
25500.0
25411.802325581397
25500.0
25500.0
25500.0
25500.0
25500.0
25500.0
25396.81395348837
25388.267441860466
25262.058139534885
24877.976744186046
24677.06976744186
24616.872093023256
25033.79069767442
24811.197674418603
25039.674418604653
25500.0
25365.53488372093
25332.174418604653
25211.53488372093
25184.162790697676
24923.488372093023
25360.511627906977
25059.941860465115
25231.325581395347
25295.24418604651
25373.79069767442
25500.0
25286.63953488372
25413.89534883721
25406.116279069767
25405.825581395347
25415.86046511628
25291.511627906977
25265.837209302324
25180.74418604651
25374.523255813954
25172.976744186046
25196.174418604653
25380.54651162791
25500.0
25500.0
25500.0
25500.0
25388.70930232558
25500.0
25500.0
25500.0
25500.0
25500.0
25500.0
25500.0
25500.0
25500.0
25500.0
25500.0
25500.0
25313.18604651163
25224.581395348836
25350.406976744187
25337.011627906977
25500.0
25375.511627906977
25389.441860465115
25375.04651162791
25375.918604651164
25122.767441860466
25380.627906976744
25193.03488372093
25184.81395348837
24875.476744186046
24493.732558139534
24587.43023255814
24401.558139534885
24787.86046511628
24264.93023255814
24385.3488372093
24322.232558139534
24862.162790697676
25224.011627906977
25182.56976744186
24572.488372093023
23747.74418604651
24072.06976744186
24429.29069767442
24398.03488372093
23981.25581395349
24135.302325581397
23882.3488372093
24099.29069767442
23937.279069767443
24324.53488372093
24293.441860465115
24075.081395348836
24446.837209302324
24722.43023255814
24375.25581395349
24666.03488372093
24582.941860465115
24584.197674418603
24664.383720930233
25192.162790697676
24817.89534883721
25261.802325581397
25500.0
25500.0
25500.0
25323.18604651163
25500.0
25500.0
25500.0
25500.0
25500.0
25500.0
25500.0
25348.10465116279
25500.0
25341.523255813954
25359.337209302324
25500.0
25378.232558139534
25248.8488372093
25361.232558139534
25372.488372093023
25500.0
25500.0
25500.0
25500.0
25388.04651162791
25247.93023255814
25092.476744186046
25294.883720930233
25500.0
25500.0
25500.0
25500.0
25500.0
25500.0
25500.0
25500.0
25500.0
25351.86046511628
25500.0
25500.0
25500.0
25500.0
25391.3488372093
25500.0
25360.267441860466
25500.0
25500.0
25500.0
25500.0
25500.0
25500.0
25500.0
25378.31395348837
25226.36046511628
25262.837209302324
25500.0
25393.697674418603
25295.441860465115
25302.39534883721
25196.523255813954
25302.68604651163
25215.976744186046
25216.883720930233
25500.0
25391.837209302324
25500.0
25500.0
25500.0
25255.732558139534
25393.10465116279
25149.45348837209
25382.476744186046
25500.0
25391.732558139534
25264.058139534885
25298.03488372093
25303.511627906977
25410.68604651163
25408.767441860466
25500.0
25500.0
25331.54651162791
25330.74418604651
25286.383720930233
25500.0
25500.0
25500.0
25392.86046511628
25234.383720930233
25251.04651162791
25500.0
25386.25581395349
25376.70930232558
25353.883720930233
25358.383720930233
25500.0
25500.0
25386.20930232558
25500.0
25411.325581395347
25117.95348837209
25309.976744186046
25134.24418604651
25500.0
25500.0
25500.0
25500.0
25500.0
25500.0
25500.0
25500.0
25407.60465116279
25500.0
25500.0
25500.0
25500.0
25500.0
25500.0
25500.0
25500.0
25500.0
25500.0
25500.0
25396.767441860466
25500.0
25500.0
25500.0
25500.0
25397.03488372093
25125.1511627907
25246.56976744186
25500.0
25500.0
25393.023255813954
25385.058139534885
25387.5
25273.011627906977
24909.43023255814
24593.60465116279
24895.767441860466
25330.39534883721
25500.0
25382.197674418603
25500.0
25396.976744186046
25500.0
25500.0
25500.0
25401.220930232557
25500.0
25500.0
25500.0
25500.0
25452.53488372093
25278.63953488372
25210.616279069767
24862.174418604653
24666.337209302324
24651.511627906977
25145.63953488372
24926.872093023256
25131.616279069767
25060.13953488372
25073.476744186046
25069.86046511628
25286.197674418603
25213.372093023256
24871.058139534885
25197.883720930233
25500.0
25500.0
25350.70930232558
25451.976744186046
25316.5
25453.267441860466
25453.43023255814
25078.988372093023
25474.279069767443
25191.79069767442
25297.162790697676
25288.720930232557
25299.1511627907
25341.325581395347
24998.906976744187
25062.93023255814
24922.75581395349
24703.39534883721
24378.011627906977
25092.011627906977
24656.68604651163
24803.593023255813
24687.558139534885
24816.127906976744
25003.988372093023
25095.39534883721
24834.56976744186
25323.581395348836
25276.918604651164
25439.941860465115
25344.74418604651
25500.0
25500.0
25500.0
25500.0
25500.0
25349.988372093023
25500.0
25500.0
25500.0
25500.0
25307.96511627907
25169.95348837209
25173.302325581397
25061.43023255814
24675.46511627907
24505.74418604651
25500.0
25500.0
25392.81395348837
25015.24418604651
25016.89534883721
25011.06976744186
24819.3488372093
24530.1511627907
24849.720930232557
24447.04651162791
24929.86046511628
24633.10465116279
24870.872093023256
25363.45348837209
25354.39534883721
25177.53488372093
25110.488372093023
25318.197674418603
25500.0
25500.0
25500.0
25204.03488372093
25155.627906976744
24958.697674418603
24507.162790697676
24580.24418604651
24973.988372093023
25292.325581395347
25299.918604651164
25013.232558139534
25275.162790697676
25500.0
25274.593023255813
25045.54651162791
25500.0
25500.0
25500.0
25318.54651162791
25500.0
25500.0
25350.162790697676
25363.476744186046
25264.53488372093
25375.162790697676
25398.093023255813
25179.53488372093
25271.93023255814
25238.56976744186
24865.25581395349
25335.197674418603
25320.3488372093
25500.0
25500.0
25500.0
25500.0
25500.0
25500.0
25500.0
25500.0
25500.0
25500.0
25500.0
25500.0
25238.18604651163
25500.0
25500.0
25345.53488372093
25310.54651162791
25346.523255813954
25275.5
25500.0
25500.0
25427.383720930233
25185.06976744186
25500.0
25028.372093023256
25014.441860465115
25289.837209302324
25500.0
25500.0
25500.0
25500.0
25500.0
25343.441860465115
24994.918604651164
24177.75581395349
24253.18604651163
24958.767441860466
24327.627906976744
23702.232558139534
24298.45348837209
24334.941860465115
25500.0
25500.0
25337.627906976744
25330.43023255814
25500.0
25181.68604651163
25184.89534883721
25108.418604651164
24871.13953488372
24810.86046511628
24726.441860465115
25048.25581395349
25500.0
25365.29069767442
25500.0
25500.0
25500.0
25389.767441860466
25387.988372093023
25263.883720930233
25400.116279069767
25082.93023255814
24816.60465116279
25376.732558139534
25380.1511627907
24971.43023255814
25251.04651162791
25349.081395348836
25420.081395348836
25413.13953488372
25421.63953488372
25175.418604651164
25500.0
25500.0
25500.0
25208.662790697676
25500.0
25304.906976744187
25310.43023255814
25500.0
25500.0
25500.0
25406.81395348837
25500.0
25343.918604651164
25343.3488372093
25246.24418604651
25311.10465116279
25311.03488372093
25500.0
25417.941860465115
25500.0
25500.0
25500.0
25500.0
25500.0
25500.0
25500.0
25417.74418604651
25268.25581395349
25180.03488372093
25170.89534883721
25147.906976744187
24943.86046511628
25378.558139534885
25500.0
25326.837209302324
25315.60465116279
25500.0
25358.70930232558
25265.523255813954
25275.732558139534
25500.0
25500.0
25144.63953488372
25500.0
25235.488372093023
25500.0
25500.0
25500.0
25299.60465116279
25094.511627906977
25402.03488372093
25405.662790697676
25500.0
25500.0
25500.0
25500.0
25500.0
25500.0
25500.0
25500.0
25500.0
25500.0
25500.0
25500.0
25335.174418604653
25500.0
25143.93023255814
25500.0
25500.0
25500.0
25500.0
25500.0
25500.0
25500.0
25500.0
25500.0
25500.0
25500.0
25279.0
25297.581395348836
25259.883720930233
25280.325581395347
24989.89534883721
25397.802325581397
25177.5
25150.8488372093
25500.0
25500.0
25500.0
25500.0
25500.0
25378.162790697676
25500.0
25500.0
25500.0
25500.0
25500.0
25500.0
25500.0
25500.0
25314.74418604651
25500.0
25500.0
25149.56976744186
24959.116279069767
25082.441860465115
24208.837209302324
24123.674418604653
24762.872093023256
24786.5
25076.441860465115
25083.70930232558
25110.6511627907
25134.837209302324
25128.976744186046
25297.10465116279
25331.918604651164
25500.0
25500.0
25500.0
25500.0
25500.0
25500.0
25500.0
25500.0
25500.0
25345.383720930233
25345.488372093023
25500.0
25328.372093023256
25390.593023255813
25383.6511627907
25303.93023255814
25500.0
25500.0
25379.302325581397
25500.0
25500.0
25500.0
25500.0
25500.0
25238.0
25010.8488372093
24483.872093023256
25004.162790697676
25214.779069767443
24787.53488372093
25315.45348837209
24946.476744186046
24912.70930232558
25151.1511627907
24800.406976744187
24795.476744186046
24475.058139534885
25063.697674418603
25161.918604651164
25293.06976744186
25293.837209302324
25500.0
25500.0
25303.837209302324
25500.0
25063.906976744187
25500.0
25326.95348837209
25330.232558139534
25500.0
25500.0
25500.0
25500.0
25500.0
25277.011627906977
25500.0
25500.0
25500.0
25500.0
25257.697674418603
25264.10465116279
25052.906976744187
25288.267441860466
24928.63953488372
24975.95348837209
25123.023255813954
25500.0
25500.0
25500.0
25273.53488372093
25500.0
25500.0
25299.86046511628
25305.81395348837
25500.0
25305.29069767442
25500.0
25500.0
25500.0
25500.0
25500.0
25500.0
25500.0
25500.0
25500.0
25500.0
25305.10465116279
25500.0
25500.0
25500.0
25500.0
25500.0
25305.89534883721
25321.441860465115
25387.74418604651
25399.616279069767
25314.81395348837
25311.197674418603
25403.232558139534
25107.825581395347
24803.1511627907
24704.79069767442
24480.24418604651
24996.5
24715.406976744187
24789.3488372093
24977.011627906977
24854.13953488372
24650.511627906977
24599.06976744186
24944.558139534885
24960.93023255814
25008.616279069767
25368.70930232558
25074.081395348836
24942.197674418603
24883.174418604653
25008.116279069767
24947.697674418603
24787.13953488372
24749.63953488372
24729.279069767443
24744.8488372093
25189.60465116279
24763.20930232558
24832.872093023256
25048.720930232557
24765.96511627907
25105.302325581397
25375.476744186046
25500.0
25421.1511627907
25317.906976744187
25416.372093023256
25416.825581395347
25419.918604651164
25314.732558139534
25410.988372093023
25413.43023255814
25302.674418604653
25289.75581395349
25296.372093023256
25250.54651162791
25298.75581395349
25376.5
25400.93023255814
25291.56976744186
24874.662790697676
25403.89534883721
25357.25581395349
25405.511627906977
25500.0
25500.0
25409.418604651164
25312.81395348837
25263.04651162791
25500.0
25398.906976744187
25500.0
25500.0
25500.0
25500.0
25168.058139534885
25304.36046511628
25308.232558139534
25500.0
25500.0
25500.0
25500.0
25500.0
25500.0
25403.662790697676
25421.54651162791
25243.75581395349
25500.0
25352.627906976744
25355.081395348836
25500.0
25500.0
25500.0
25500.0
25500.0
25500.0
25500.0
25267.220930232557
25339.023255813954
25418.011627906977
25234.906976744187
25225.10465116279
25500.0
25500.0
25500.0
25445.54651162791
25333.54651162791
25337.767441860466
25260.279069767443
25007.29069767442
25257.29069767442
25345.63953488372
25339.418604651164
25122.1511627907
24976.418604651164
25044.75581395349
25092.56976744186
25069.511627906977
24926.81395348837
25007.116279069767
24783.45348837209
24689.802325581397
24415.46511627907
24716.837209302324
24637.488372093023
24504.53488372093
25315.767441860466
25093.232558139534
25266.43023255814
25433.174418604653
25272.95348837209
25146.093023255813
24857.093023255813
24729.39534883721
24861.1511627907
24586.0
24631.825581395347
24422.89534883721
24229.70930232558
24903.24418604651
25085.779069767443
25426.56976744186
25428.06976744186
25377.662790697676
25391.0
25472.20930232558
25471.441860465115
25484.825581395347
25432.39534883721
25297.1511627907
25072.220930232557
25226.023255813954
25064.662790697676
25218.627906976744
25125.802325581397
25176.372093023256
25314.1511627907
25207.1511627907
25397.837209302324
25228.197674418603
25239.406976744187
25423.081395348836
25443.3488372093
25449.720930232557
25468.79069767442
25351.302325581397
25261.1511627907
25201.86046511628
25178.674418604653
25500.0
25500.0
25500.0
25500.0
25500.0
25484.511627906977
25471.325581395347
25448.279069767443
25474.581395348836
25478.232558139534
25469.43023255814
25485.60465116279
25350.54651162791
25500.0
25500.0
25500.0
25500.0
25500.0
25500.0
25135.89534883721
25495.10465116279
25500.0
25500.0
25344.8488372093
25336.03488372093
25307.837209302324
25361.488372093023
25248.75581395349
25500.0
25500.0
25500.0
25500.0
