19502.802325581397
19526.24418604651
19650.18604651163
19541.86046511628
19410.511627906977
19449.5
19707.779069767443
19251.06976744186
19368.10465116279
19614.918604651164
19848.29069767442
20469.418604651164
20818.732558139534
21119.383720930233
21992.174418604653
22376.779069767443
22301.20930232558
22835.162790697676
23829.616279069767
24546.46511627907
24931.162790697676
25330.0
25330.0
25330.0
25330.0
25330.0
25245.56976744186
25108.54651162791
25068.441860465115
25330.0
25330.0
25330.0
25135.0
24632.04651162791
24843.93023255814
25040.488372093023
24852.511627906977
24013.29069767442
24410.406976744187
24679.3488372093
25032.75581395349
25127.627906976744
25330.0
25330.0
25116.81395348837
25102.96511627907
25330.0
25178.96511627907
25141.023255813954
25055.25581395349
25223.86046511628
25212.093023255813
25261.45348837209
25330.0
25330.0
25330.0
25174.081395348836
25330.0
25267.36046511628
25204.511627906977
25141.767441860466
25271.279069767443
25224.60465116279
25274.488372093023
25219.70930232558
25099.95348837209
25064.406976744187
25281.174418604653
25048.54651162791
24757.406976744187
24892.232558139534
25107.63953488372
24977.883720930233
25330.0
25272.488372093023
25330.0
25162.825581395347
24784.95348837209
24792.988372093023
24815.418604651164
25006.616279069767
24615.976744186046
24759.220930232557
25073.06976744186
24926.43023255814
24872.779069767443
24735.06976744186
24709.174418604653
24775.60465116279
24181.081395348836
24057.13953488372
24626.616279069767
24632.81395348837
24971.523255813954
25025.29069767442
24999.3488372093
25145.46511627907
25330.0
25330.0
25330.0
25135.220930232557
25251.56976744186
25330.0
25330.0
25330.0
25008.93023255814
25010.25581395349
25168.337209302324
25056.720930232557
24971.162790697676
24931.058139534885
25101.197674418603
25022.46511627907
25072.63953488372
25330.0
25330.0
25330.0
25218.837209302324
25330.0
25174.46511627907
25029.988372093023
25167.976744186046
24993.825581395347
25014.6511627907
25038.95348837209
24920.093023255813
24989.883720930233
24669.43023255814
25080.25581395349
24708.883720930233
24721.96511627907
24646.093023255813
24351.63953488372
24266.20930232558
24106.197674418603
23913.406976744187
24131.04651162791
24751.383720930233
24723.53488372093
25202.46511627907
25121.24418604651
24742.232558139534
24761.372093023256
24490.6511627907
25212.36046511628
25155.68604651163
25213.767441860466
25285.406976744187
25330.0
25330.0
25208.46511627907
25185.976744186046
25169.872093023256
25220.03488372093
25330.0
25220.662790697676
25330.0
25330.0
25236.06976744186
25120.56976744186
24995.383720930233
24876.197674418603
24852.674418604653
24959.29069767442
25161.941860465115
25036.79069767442
25184.6511627907
25330.0
25171.174418604653
25312.31395348837
25308.337209302324
25330.0
25330.0
25074.825581395347
24843.593023255813
24655.081395348836
24929.093023255813
24946.511627906977
24770.93023255814
24826.558139534885
24659.802325581397
25066.674418604653
24965.988372093023
24999.837209302324
24970.674418604653
25217.63953488372
24875.56976744186
24990.918604651164
25218.06976744186
25088.883720930233
25097.36046511628
24854.18604651163
24972.372093023256
25038.89534883721
25143.674418604653
24802.406976744187
25159.68604651163
25133.906976744187
24921.372093023256
24967.406976744187
24951.162790697676
24686.29069767442
25032.96511627907
25190.941860465115
25154.29069767442
25330.0
25330.0
25330.0
25330.0
25330.0
25330.0
25330.0
25230.81395348837
25246.593023255813
25330.0
25330.0
25330.0
25211.627906976744
25276.406976744187
25146.3488372093
25130.86046511628
24990.279069767443
25099.20930232558
25165.720930232557
25227.476744186046
25227.220930232557
25227.04651162791
25168.302325581397
25013.058139534885
25005.36046511628
25219.593023255813
25116.616279069767
25119.616279069767
24986.39534883721
24941.39534883721
25142.511627906977
25156.337209302324
25251.20930232558
25183.058139534885
25125.337209302324
24889.43023255814
24768.0
25330.0
25330.0
25330.0
25158.03488372093
25330.0
25330.0
25219.53488372093
24846.302325581397
24925.674418604653
24830.03488372093
24416.60465116279
24582.53488372093
24186.872093023256
23562.70930232558
23496.383720930233
23696.627906976744
23701.86046511628
23261.558139534885
23612.302325581397
23677.802325581397
23582.06976744186
23506.6511627907
23186.337209302324
24118.372093023256
24243.441860465115
24448.95348837209
24705.1511627907
24974.03488372093
24697.96511627907
24771.24418604651
24271.03488372093
24550.162790697676
24405.68604651163
24378.697674418603
24629.081395348836
24487.058139534885
24606.011627906977
24963.18604651163
24867.53488372093
25227.63953488372
25330.0
25330.0
25330.0
25330.0
25330.0
25061.011627906977
25223.39534883721
25222.825581395347
25227.13953488372
25330.0
25330.0
25330.0
25330.0
25230.46511627907
25233.39534883721
25330.0
25330.0
25330.0
25251.267441860466
25137.39534883721
25250.81395348837
25197.04651162791
25082.988372093023
25170.25581395349
25070.10465116279
25141.75581395349
25142.93023255814
25330.0
25330.0
25330.0
25330.0
25330.0
25330.0
25330.0
25231.29069767442
25330.0
25330.0
25330.0
25330.0
25272.616279069767
25330.0
25330.0
25330.0
25330.0
25330.0
25251.058139534885
25315.60465116279
25195.75581395349
25217.95348837209
25025.872093023256
25004.023255813954
25007.511627906977
25076.29069767442
25086.337209302324
25156.5
25114.1511627907
24969.60465116279
25101.18604651163
25264.267441860466
25330.0
25228.837209302324
25210.372093023256
25229.441860465115
25214.04651162791
25011.68604651163
25064.406976744187
25096.63953488372
25330.0
25227.523255813954
25330.0
25117.29069767442
25117.18604651163
25249.29069767442
25303.720930232557
25032.906976744187
25082.46511627907
25195.54651162791
25209.837209302324
25145.372093023256
24840.383720930233
24580.081395348836
24272.825581395347
24473.988372093023
24419.86046511628
24710.18604651163
24685.279069767443
24346.720930232557
24408.662790697676
24690.46511627907
24650.10465116279
25049.75581395349
24827.767441860466
24807.558139534885
24640.63953488372
24898.74418604651
24767.093023255813
24974.54651162791
24753.197674418603
24283.56976744186
24582.476744186046
24920.06976744186
24859.46511627907
24715.325581395347
24392.279069767443
24926.941860465115
25217.89534883721
25112.31395348837
25105.581395348836
25240.75581395349
25330.0
25182.093023255813
25196.0
25330.0
25158.220930232557
24905.058139534885
25226.697674418603
25227.06976744186
25330.0
25330.0
25206.383720930233
25192.220930232557
24966.267441860466
24918.36046511628
24617.127906976744
25015.918604651164
24830.116279069767
24827.70930232558
24988.116279069767
25088.383720930233
25145.837209302324
24870.29069767442
24333.837209302324
23979.418604651164
24338.93023255814
24955.60465116279
25083.86046511628
25129.06976744186
25107.616279069767
25021.883720930233
25193.558139534885
25196.68604651163
25211.220930232557
25330.0
25191.1511627907
24547.63953488372
23800.6511627907
23625.883720930233
23121.1511627907
22274.674418604653
22525.0
22899.53488372093
22567.31395348837
22136.976744186046
22243.779069767443
22197.116279069767
22265.81395348837
22174.116279069767
21774.488372093023
21821.616279069767
21616.74418604651
21733.95348837209
21775.162790697676
21924.988372093023
21925.825581395347
22457.720930232557
23275.45348837209
23017.697674418603
22364.267441860466
22508.54651162791
23249.56976744186
22545.20930232558
22628.13953488372
22457.081395348836
22323.372093023256
21886.906976744187
22127.558139534885
22328.732558139534
22392.976744186046
22749.5
21522.31395348837
21749.74418604651
21600.406976744187
21634.011627906977
20783.918604651164
21337.93023255814
21067.45348837209
21460.60465116279
22108.0
22686.093023255813
22635.70930232558
23063.95348837209
23444.837209302324
23526.93023255814
23335.89534883721
23349.39534883721
23736.6511627907
23604.976744186046
23320.488372093023
23600.802325581397
24506.36046511628
24943.872093023256
25073.732558139534
25177.56976744186
25330.0
25330.0
25330.0
25330.0
25184.54651162791
25152.1511627907
24834.825581395347
24676.337209302324
24436.779069767443
24957.837209302324
24951.127906976744
24943.523255813954
25133.232558139534
25330.0
25330.0
25330.0
25330.0
24984.023255813954
24925.70930232558
25330.0
25330.0
25147.0
25330.0
25330.0
24804.96511627907
24488.825581395347
24533.54651162791
25154.13953488372
25155.220930232557
25330.0
25330.0
25330.0
25179.674418604653
25162.058139534885
25127.058139534885
25148.127906976744
25330.0
25330.0
25330.0
25330.0
25330.0
25330.0
25330.0
25330.0
25330.0
25132.767441860466
25149.011627906977
25152.127906976744
24615.89534883721
24794.674418604653
24956.767441860466
25330.0
25145.976744186046
25330.0
24942.1511627907
24572.581395348836
24727.03488372093
24677.60465116279
25112.5
25330.0
25330.0
25330.0
25330.0
25330.0
25330.0
25330.0
25330.0
25199.267441860466
25033.70930232558
25168.779069767443
25189.406976744187
25140.6511627907
25076.511627906977
24733.302325581397
25182.60465116279
24978.20930232558
24593.418604651164
24713.162790697676
24766.406976744187
25000.20930232558
24492.593023255813
24246.53488372093
24217.011627906977
24801.74418604651
24606.627906976744
24643.511627906977
24957.383720930233
24922.581395348836
24967.825581395347
24724.96511627907
24943.39534883721
25013.406976744187
24861.023255813954
24599.872093023256
24120.74418604651
24033.325581395347
24465.63953488372
24775.058139534885
25144.93023255814
24960.325581395347
25009.60465116279
25330.0
25172.697674418603
25084.60465116279
25105.941860465115
25330.0
25042.86046511628
25103.6511627907
25330.0
24916.29069767442
25330.0
25330.0
25330.0
25330.0
25330.0
25330.0
25330.0
24823.023255813954
24973.13953488372
24976.616279069767
24449.43023255814
25330.0
24966.372093023256
24592.46511627907
24961.20930232558
25101.406976744187
25330.0
25330.0
25330.0
25330.0
25115.767441860466
24910.302325581397
24517.372093023256
25330.0
24962.511627906977
24961.03488372093
24978.906976744187
25330.0
25330.0
25161.197674418603
25330.0
25116.906976744187
24693.96511627907
23872.302325581397
24071.627906976744
24762.93023255814
25011.197674418603
24587.081395348836
25041.918604651164
25173.825581395347
24710.674418604653
25330.0
25062.74418604651
24996.70930232558
24816.674418604653
25147.058139534885
24939.011627906977
25330.0
25330.0
24502.988372093023
25029.1511627907
25330.0
25330.0
25070.837209302324
25330.0
25033.081395348836
25330.0
25077.697674418603
25330.0
25173.116279069767
25013.13953488372
25159.29069767442
24861.267441860466
25330.0
25330.0
25330.0
25071.68604651163
25330.0
25330.0
25330.0
25330.0
25330.0
25330.0
24836.18604651163
25147.86046511628
25179.79069767442
25059.441860465115
25047.988372093023
25188.5
25050.941860465115
24986.279069767443
25024.20930232558
25153.697674418603
25330.0
25330.0
25094.872093023256
24776.04651162791
25170.81395348837
25168.558139534885
25330.0
25330.0
24985.75581395349
25115.79069767442
25129.93023255814
25123.162790697676
24926.56976744186
25151.476744186046
25330.0
25330.0
25330.0
25330.0
25330.0
25121.81395348837
24845.441860465115
24956.3488372093
25028.697674418603
25030.54651162791
25108.372093023256
25131.988372093023
24916.06976744186
24919.60465116279
24160.023255813954
23874.25581395349
23841.174418604653
24063.627906976744
24959.441860465115
25146.767441860466
24937.6511627907
24592.406976744187
24633.488372093023
24631.488372093023
24915.89534883721
24945.372093023256
25330.0
24931.732558139534
25158.441860465115
24746.93023255814
24811.53488372093
24485.406976744187
24810.383720930233
25166.13953488372
25130.68604651163
25106.383720930233
25330.0
25330.0
25330.0
25110.174418604653
24954.941860465115
24982.18604651163
24983.767441860466
25012.697674418603
24720.616279069767
24634.558139534885
24690.46511627907
25123.29069767442
25143.116279069767
25095.837209302324
24734.127906976744
24798.53488372093
24515.767441860466
24540.79069767442
24690.372093023256
25009.593023255813
24869.906976744187
25330.0
25330.0
25198.267441860466
25190.976744186046
25330.0
25155.36046511628
25330.0
25223.372093023256
25256.941860465115
25330.0
25330.0
25330.0
25330.0
24938.06976744186
25085.627906976744
25330.0
25330.0
25330.0
25171.976744186046
24847.697674418603
25005.837209302324
24846.023255813954
24832.75581395349
25174.127906976744
25330.0
25094.279069767443
25330.0
25330.0
25330.0
25330.0
25171.18604651163
25330.0
25330.0
25330.0
25330.0
25330.0
25330.0
25180.174418604653
25178.18604651163
25060.697674418603
24239.10465116279
24801.0
24497.872093023256
25330.0
25330.0
25330.0
25078.10465116279
25330.0
25187.60465116279
25129.406976744187
25113.558139534885
24946.29069767442
25146.081395348836
25330.0
25330.0
25330.0
24992.802325581397
25330.0
25330.0
25086.5
25330.0
25330.0
25170.10465116279
25166.89534883721
25151.31395348837
25150.56976744186
25019.372093023256
24934.46511627907
24589.616279069767
24847.337209302324
24793.25581395349
24959.81395348837
24977.86046511628
24929.593023255813
25019.18604651163
25163.941860465115
24753.058139534885
25134.24418604651
24932.93023255814
25230.60465116279
25056.627906976744
25330.0
25330.0
25029.75581395349
24827.662790697676
25021.74418604651
24862.523255813954
25330.0
25330.0
25003.325581395347
25006.20930232558
24863.24418604651
24998.54651162791
25330.0
25330.0
25330.0
25330.0
25020.68604651163
25330.0
25189.918604651164
25330.0
25330.0
25013.732558139534
25330.0
25330.0
24884.24418604651
24349.45348837209
24932.279069767443
24552.46511627907
24226.74418604651
24646.674418604653
24137.36046511628
24571.732558139534
24946.3488372093
25330.0
25330.0
25330.0
24947.093023255813
24756.883720930233
25330.0
24768.558139534885
24889.3488372093
24522.627906976744
25330.0
25330.0
24994.802325581397
25001.581395348836
25029.941860465115
24639.302325581397
24618.593023255813
25330.0
25072.697674418603
25330.0
25330.0
25330.0
25079.023255813954
24435.011627906977
25330.0
24991.74418604651
24657.441860465115
25330.0
25330.0
25330.0
25330.0
25330.0
25330.0
25330.0
25330.0
25330.0
25135.20930232558
25330.0
25330.0
25330.0
25330.0
25330.0
25330.0
25330.0
25330.0
25330.0
25099.488372093023
25087.767441860466
24587.383720930233
24566.81395348837
24613.36046511628
24782.279069767443
24977.883720930233
24965.767441860466
24365.63953488372
24809.13953488372
24675.476744186046
25070.95348837209
25330.0
25330.0
25330.0
25082.74418604651
25167.093023255813
25330.0
25330.0
25330.0
25330.0
25330.0
25086.197674418603
25067.476744186046
24828.302325581397
25330.0
25330.0
25330.0
25330.0
25141.46511627907
24742.337209302324
24554.220930232557
25078.976744186046
25110.197674418603
25330.0
25075.837209302324
25031.86046511628
25030.24418604651
25075.3488372093
25330.0
25330.0
25330.0
25330.0
25330.0
25023.011627906977
24723.732558139534
25221.0
25330.0
25330.0
25330.0
25330.0
25212.941860465115
25211.720930232557
25208.558139534885
25066.418604651164
25075.6511627907
25199.441860465115
24630.63953488372
24665.941860465115
24500.93023255814
24811.662790697676
24752.779069767443
24752.31395348837
24696.81395348837
24899.53488372093
25106.127906976744
25190.976744186046
24781.872093023256
25330.0
25330.0
25330.0
25138.68604651163
25182.56976744186
24849.697674418603
24848.837209302324
25330.0
25330.0
24734.511627906977
25021.93023255814
24353.53488372093
24980.60465116279
24685.18604651163
24868.8488372093
25330.0
25330.0
25330.0
25140.325581395347
25330.0
25330.0
25235.24418604651
25235.325581395347
24606.96511627907
