25763
24282
23136
23451
25122
24191
25426
24691
23592
22489
23405
24543
24435
24909
24372
24554
24394
24733
25566
25811
25597
25330
25330
25330
25330
25330
25410
25409
25407
25330
25330
25330
25325
25400
25315
25396
25261
24938
25177
25277
25387
25384
25330
25330
25675
25452
25330
25325
25514
25892
25708
25699
25519
25330
25330
25330
25389
25330
25504
25470
25506
25400
25470
25400
25400
25470
25517
25400
25540
25559
25438
25384
25329
25330
25389
25330
25395
25490
25340
25194
25270
25173
25220
25378
25265
25260
25150
25126
25178
24908
25247
25130
25127
25438
25441
25434
25385
25330
25330
25330
25457
25394
25330
25330
25330
25258
25258
25319
25426
25549
25517
25452
25340
25314
25330
25330
25330
25372
25330
25325
25381
25320
25482
25618
25305
25405
28926
28605
25455
25722
25436
25400
25415
25630
25701
25587
25373
25485
25626
25452
25445
25592
25596
25705
25396
26032
25389
25400
25330
25330
25510
25400
25400
25510
25330
25384
25330
25330
25523
25475
25446
25379
25381
25188
25390
25355
25401
25330
25395
25325
25401
25330
25330
25341
25247
25199
25221
25381
25203
25280
25242
25306
25208
25204
25309
25288
25206
25186
25288
25231
25234
25136
25184
25220
25275
25231
25305
25305
25332
25438
25706
25315
25506
25375
25275
25330
25330
25330
25330
25330
25330
25330
25325
25751
25330
25330
25330
25410
25329
25415
25278
25291
25283
26501
25324
25324
25324
25350
25221
25252
25324
25520
25520
27661
30750
31051
30378
31332
29601
29880
27435
28980
25330
25330
25330
25388
25330
25330
25425
25649
27065
27499
27886
28655
29222
28564
30439
28254
28518
28155
28455
29074
30005
29959
29189
28669
27714
29892
30281
29802
27666
27736
27872
27934
26862
29041
28768
26216
25904
25413
25218
25323
25330
25330
25330
25330
25330
25278
25279
25279
25279
25330
25330
25330
25330
25386
25294
25330
25330
25330
25320
25275
25320
25324
25290
25322
25390
25400
25400
25330
25330
25330
25330
25330
25330
25330
25306
25330
25330
25330
25330
25330
25330
25330
25330
25330
25330
25327
25386
25379
26231
26396
27021
27823
25263
25222
27417
25793
25174
27814
26646
25330
25282
25282
25282
25291
25919
28129
26288
25330
25279
25330
26761
27289
26802
27030
28702
27514
27409
26585
26239
26863
25427
24986
25166
25099
26193
24974
25940
28191
28588
27260
26626
26914
26591
26552
25221
25327
25293
25584
26363
25746
26505
26133
26634
26350
25146
25279
25384
25228
25328
25330
25379
25379
25330
25400
25276
25416
25420
25330
25330
25319
25319
25306
26322
26349
26854
25378
25312
25558
25270
25316
25298
25252
25197
25081
25405
25354
25316
25512
25345
25354
25354
25318
25330
33282
31701
30062
30399
29150
27668
27706
27828
27956
27749
30068
29392
27885
28413
26694
25484
24672
25578
25817
26083
26550
26910
26088
25692
24433
26531
27459
26852
26569
24743
24829
24110
24409
24239
24301
24392
23933
23866
24001
24188
23890
24089
24232
24266
24597
24507
24521
24621
24739
24948
24876
24557
25165
25349
24709
24909
25139
25224
25321
25322
25330
25330
25330
25330
25332
25332
25233
25338
25045
25230
25470
25312
25235
25330
25330
25330
25330
25309
25143
25330
25330
25326
25330
25330
25260
25214
25521
25499
25499
25330
25330
25330
25508
25332
25507
25505
25330
25330
25330
25330
25330
25330
25330
25330
25330
25282
25523
25523
25845
25617
25427
25330
25279
25330
25183
25061
25077
25097
25295
25330
25330
25330
25330
25330
25330
25330
25330
25370
25547
25508
25382
25523
25231
25108
25328
25334
25241
25101
25174
25233
25083
24990
24992
25205
25064
25124
25263
25206
25716
25104
25230
25295
25205
25022
24881
24829
25042
25166
25293
25256
25332
25330
25298
25270
25384
25330
25231
25377
25330
25268
25330
25330
25330
25330
25330
25330
25330
25348
25146
25146
25266
25330
25222
24962
25146
25298
25330
25330
25330
25330
25270
25716
25799
25330
25133
25133
25268
25330
25330
25298
25330
25274
25315
24972
24844
25271
25299
25164
25332
25292
25182
25330
25259
25259
25256
25328
25326
25330
25330
25069
25331
25330
25330
25244
25330
25327
25330
25304
25330
25319
25308
25301
25266
25330
25330
25330
25316
25330
25330
25330
25330
25330
25330
25316
25384
25353
25308
25308
25385
25455
25269
25312
25324
25330
25330
25295
25392
25369
25313
25330
25330
25414
25372
25370
25372
25358
25328
25330
25330
25330
25330
25330
25307
25407
25391
25391
25470
25286
25287
25224
25230
24921
24875
24841
25023
25201
25375
25271
25200
25147
25199
25217
25240
25330
25289
25400
25403
25403
25503
25540
25295
25305
25310
25330
25330
25330
25299
25278
25288
25379
25470
25517
25540
25470
25361
25382
25298
25338
25354
25121
25190
25502
25343
25326
25330
25330
25400
25400
25330
25230
25330
25376
25387
25330
25330
25330
25330
25269
25300
25330
25330
25330
25295
25180
25420
25465
25313
25326
25330
25236
25330
25330
25330
25330
25232
25330
25330
25330
25330
25330
25330
25363
25358
25358
25212
25150
25072
25330
25330
25330
25356
25330
25252
25358
25355
25425
25400
25330
25330
25330
25254
25330
25330
25306
25330
25330
25367
25367
25307
25307
25348
25354
25259
25242
25267
25150
25215
25366
25333
25292
25060
25334
25338
25384
25262
25330
25330
25229
25295
25224
25257
25330
25330
25315
25211
25251
25226
25330
25330
25330
25330
25237
25330
25410
25330
25330
25354
25330
25330
25130
24836
25130
25028
24696
25118
24889
25077
25215
25330
25330
25330
25194
25271
25330
25189
25192
25019
25330
25330
25226
25226
25386
25122
25122
25330
25400
25330
25330
25330
25230
25114
25330
25233
25136
25330
25330
25330
25330
25330
25330
25330
25330
25330
25385
25330
25330
25330
25330
25330
25330
25330
25330
25330
25363
25363
25262
25177
25318
25318
25274
25281
25165
25292
25302
25364
25330
25330
25330
25233
25370
25330
25330
25330
25330
25330
25391
25371
25275
25330
25330
25330
25330
25234
25196
27145
26549
25407
25330
25236
25386
25386
25361
25330
25330
25330
25330
25330
25134
25190
27303
25330
25330
25330
25330
27029
26739
26518
25808
25400
26116
25747
26265
27615
28102
27758
27758
28010
28314
28352
25384
28198
25330
25330
25330
25387
25390
25201
25194
25330
25330
25037
25231
25033
25231
27970
27976
25330
25330
25330
25389
25330
25330
28313
28079
27768
