7206
7831
8377
8875
9169
9331
9472
9775
9965
10034
10160
10211
10240
10347
10372
10385
10395
10399
10498
10501
10501
10501
10501
10501
10501
10501
10501
10501
10501
10501
10501
10501
10501
10501
10501
10501
10501
10501
10501
10501
10501
10501
10501
10501
10501
10501
10501
10501
10501
10501
10501
10501
10501
10501
10501
10501
10501
10501
10501
10501
10501
10501
10501
10501
10501
10501
10501
10501
10501
10501
10501
10501
10501
10501
10501
10501
10501
10501
10501
10501
10501
10501
10501
10501
10501
10501
10501
10501
10501
10501
10501
10501
10501
10501
10501
10501
10501
10501
10501
10501
10501
10501
10501
10501
10501
10501
10501
10501
10501
10501
10501
10501
10501
10501
10501
10501
10501
10501
10501
10501
10501
10501
10501
10501
10501
10501
10501
10501
10501
10501
10501
10501
10501
10501
10501
10501
10501
10501
10501
10501
10501
10501
10501
10501
10501
10501
10501
10501
10501
10501
10501
10501
10501
10501
10501
10501
10501
10501
10501
10501
10501
10501
10501
10501
10501
10501
10501
10501
10501
10501
10501
10501
10501
10501
10501
10501
10501
10501
10501
10501
10501
10501
10501
10501
10501
10501
10501
10501
10501
10501
10501
10501
10501
10501
10501
10501
10501
10501
10501
10501
10501
10501
10501
10501
10501
10501
10501
10501
10501
10501
10501
10501
10501
10501
10501
10501
10501
10501
10501
10501
10501
10501
10501
10501
10501
10501
10501
10501
10501
10501
10501
10501
10501
10501
10501
10501
10501
10501
10501
10501
10501
10501
10501
10501
10501
10501
10501
10501
10501
10501
10501
10501
10501
10501
10501
10501
10501
10501
10501
10501
10501
10501
10501
10501
10501
10501
10501
10501
10501
10501
10501
10501
10501
10501
10501
10501
10501
10501
10501
10501
10501
10501
10501
10501
10501
10501
10501
10501
10501
10501
10501
10501
10501
10501
10501
10501
10501
10501
10501
10501
10501
10501
10501
10501
10501
10501
10501
10501
10501
10501
10501
10501
10501
10501
10501
10501
10501
10501
10501
10501
10501
10501
10501
10501
10501
10501
10501
10501
10501
10501
10501
10501
10501
10501
10501
10501
10501
10501
10501
10501
10501
10501
10501
10501
10501
10501
10501
10501
10501
10501
10501
10501
10501
10501
10501
10501
10501
10501
10501
10501
10501
10501
10501
10501
10501
10501
10501
10501
10501
10501
10501
10501
10501
10501
10501
10501
10501
10501
10501
10501
10501
10501
10501
10501
10501
10501
10501
10501
10501
10501
10501
10501
10501
10501
10501
10501
10501
10501
10501
10501
10501
10501
10501
10501
10501
10501
10501
10501
10501
10501
10501
10501
10501
10501
10501
10501
10501
10501
10501
10501
10501
10501
10501
10501
10501
10501
10501
10501
10501
10501
10501
10501
10501
10501
10501
10501
10501
10501
10501
10501
10501
10501
10501
10501
10501
10501
10501
10501
10501
10501
10501
10501
10501
10501
10501
10501
10501
10501
10501
10501
10501
10501
10501
10501
10501
10501
10501
10501
10501
10501
10501
10501
10501
10501
10501
10501
10501
10501
10501
10501
10501
10501
10501
10501
10501
10501
10501
10501
10501
10501
10501
10501
10501
10501
10501
10501
10501
10501
10501
10501
10501
10501
10501
10501
10501
10501
10501
10501
10501
10501
10501
10501
10501
10501
10501
10501
10501
10501
10501
10501
10501
10501
10501
10501
10501
10501
10501
10501
10501
10501
10501
10501
10501
10501
10501
10501
10501
10501
10501
10501
10501
10501
10501
10501
10501
10501
10501
10501
10501
10501
10501
10501
10501
10501
10501
10501
10501
10501
10501
10501
10501
10501
10501
10501
10501
10501
10501
10501
10501
10501
10501
10501
10501
10501
10501
10501
10501
10501
10501
10501
10501
10501
10501
10501
10501
10501
10501
10501
10501
10501
10501
10501
10501
10501
10501
10501
10501
10501
10501
10501
10501
10501
10501
10501
10501
10501
10501
10501
10501
10501
10501
10501
10501
10501
10501
10501
10501
10501
10501
10501
10501
10501
10501
10501
10501
10501
10501
10501
10501
10501
10501
10501
10501
10501
10501
10501
10501
10501
10501
10501
10501
10501
10501
10501
10501
10501
10501
10501
10501
10501
10501
10501
10501
10501
10501
10501
10501
10501
10501
10501
10501
10501
10501
10501
10501
10501
10501
10501
10501
10501
10501
10501
10501
10501
10501
10501
10501
10501
10501
10501
10501
10501
10501
10501
10501
10501
10501
10501
10501
10501
10501
10501
10501
10501
10501
10501
10501
10501
10501
10501
10501
10501
10501
10501
10501
10501
10501
10501
10501
10501
10501
10501
10501
10501
10501
10501
10501
10501
10501
10501
10501
10501
10501
10501
10501
10501
10501
10501
10501
10501
10501
10501
10501
10501
10501
10501
10501
10501
10501
10501
10501
10501
10501
10501
10501
10501
10501
10501
10501
10501
10501
10501
10501
10501
10501
10501
10501
10501
10501
10501
10501
10501
10501
10501
10501
10501
10501
10501
10501
10501
10501
10501
10501
10501
10501
10501
10501
10501
10501
10501
10501
10501
10501
10501
10501
10501
10501
10501
10501
10501
10501
10501
10501
10501
10501
10501
10501
10501
10501
10501
10501
10501
10501
10501
10501
10501
10501
10501
10501
10501
10501
10501
10501
10501
10501
10501
10501
10501
10501
10501
10501
10501
10501
10501
10501
10501
10501
10501
10501
10501
10501
10501
10501
10501
10501
10501
10501
10501
10501
10501
10501
10501
10501
10501
10501
10501
10501
10501
10501
10501
10501
10501
10501
10501
10501
10501
10501
10501
10501
10501
10501
10501
10501
10501
10501
10501
10501
10501
10501
10501
10501
10501
10501
10501
10501
10501
10501
10501
10501
10501
10501
10501
10501
10501
10501
10501
10501
10501
10501
10501
10501
10501
10501
10501
10501
10501
10501
10501
10501
10501
10501
10501
10501
10501
10501
10501
10501
10501
10501
10501
10501
10501
10501
10501
10501
10501
10501
10501
10501
10501
10501
10501
10501
10501
10501
10501
10501
10501
10501
10501
10501
10501
10501
10501
10501
10501
10501
10501
10501
10501
10501
10501
10501
10501
10501
10501
10501
10501
10501
10501
10501
10501
10501
10501
10501
10501
10501
10501
10501
10501
10501
10501
10501
10501
10501
10501
10501
10501
10501
10501
10501
10501
10501
10501
10501
10501
10501
10501
10501
10501
10501
10501
10501
10501
10501
10501
10501
10501
10501
10501
10501
10501
10501
10501
10501
10501
10501
10501
10501
10501
