8585
8365
8435
8814
8734
8458
9002
8792
9351
9346
9271
9703
9342
9554
9240
10169
9520
9731
9914
10156
10161
9883
9601
9920
9540
10690
9765
10198
10420
10995
10360
10579
10072
10567
10312
10473
10619
10369
10415
10683
10836
10295
10560
10860
10683
11497
11042
10704
10667
11050
10868
10626
10675
10688
11271
11033
10764
10672
10999
10875
10617
11094
10977
10864
10641
10885
10886
11284
10611
11500
10829
11227
10518
10976
10642
11077
12180
11068
10993
10936
11026
11136
11018
10912
10196
10412
10371
10950
11103
11320
10752
11393
10924
11213
11180
10878
10739
11101
11045
10593
11492
10834
11008
10677
11016
10871
10863
10592
11052
10640
10487
10923
10304
10345
10196
10002
9923
9976
10054
10236
10705
9822
10111
10189
9633
9962
10081
10213
9917
10631
9942
10974
10026
10029
10109
9589
9550
9422
9842
9818
9910
9786
10020
9845
9904
9580
9710
9247
9550
