17307
17033
19413
18399
18393
18860
25236
25239
25242
25297
25502
25505
25508
25606
25606
25606
25606
25606
25606
25606
25606
25606
25606
25606
25606
25606
25606
25606
25606
25606
25606
25606
25606
25606
25608
25605
25605
25605
25603
25603
25603
25603
25603
25606
25606
25606
25606
25606
25608
25606
25604
25689
25361
25060
25244
25421
25586
25092
25637
25542
25425
25691
25977
26237
26237
26237
25481
25603
25606
25606
25606
25606
25606
25606
25606
25796
39780
18416
18416
18416
17476
24330
25102
25142
24987
24933
24995
25381
38749
12846
39065
32980
10032
10040
10040
16870
25711
26067
26237
26237
26237
41457
41129
10059
10059
10032
10040
10040
36546
26235
26262
39220
26255
26255
41457
10059
10059
10032
10040
10040
9988
17021
24991
25275
9391
12846
12703
32644
9395
12846
32738
32644
9396
12846
12703
32644
9396
12847
32739
32644
9392
12847
12703
32644
9392
12846
32738
32644
9396
12846
12703
32644
9396
12847
32739
32644
9392
12847
12703
32644
9392
12846
32738
32644
9396
12846
12703
32644
9396
12847
32739
32644
9392
12847
12703
32644
9392
12846
32738
32644
9396
12846
12703
32644
9396
12847
32739
32644
9392
12847
12703
32644
9392
12846
32738
32644
9396
12846
12703
32644
9392
12877
32783
32705
9382
24382
25222
25029
24225
25270
25313
25154
25705
31384
31504
15437
15437
15955
15685
25170
25180
25170
25413
32003
31423
15326
15326
23176
22291
22708
22687
25558
25558
25554
25554
25554
31385
32003
31430
15437
15437
15437
15955
15685
25170
25180
25170
25413
32003
31423
15326
23176
22858
22291
25558
25558
25554
25554
25554
31447
31619
15543
31369
30720
25788
25788
25776
25776
25776
25788
25788
25788
25788
25776
25776
25787
25787
25787
25787
25787
25787
25787
25790
25790
25790
25790
25790
25787
25787
25787
25787
25787
25787
25787
25787
25787
25785
25785
25785
25771
25771
25771
25771
25785
25785
25787
25787
25782
25787
25787
25787
25787
25787
25787
25787
25790
25790
25790
25785
25785
25787
25787
25787
25787
25787
25787
25787
25790
25790
25790
25788
25788
25776
25776
25776
25776
25788
25788
25788
25788
25776
25776
25776
25776
25788
25788
25790
25790
25787
25787
25787
25787
25787
25787
25787
25787
25787
25790
25790
25790
25787
25787
25787
25787
25787
25787
25787
25781
25781
25781
25769
25769
25769
25769
25781
25781
25781
25781
25769
25769
25769
25769
25781
25781
25787
25790
25790
25790
29719
29144
16042
29700
30073
16518
25703
30369
25787
25787
25787
25787
25787
25787
25787
25790
25790
25790
25787
25787
25787
25787
25787
25787
25787
25781
25788
25788
25788
29715
30110
15645
15691
29689
15572
25693
30885
14872
25613
31577
30519
29982
29853
17952
17962
17966
17966
17966
17956
17956
31245
30942
15140
30720
31245
15417
30277
30942
15140
15749
15685
15405
22154
21843
21254
21910
21661
20667
21326
21843
21254
21586
21661
20667
21336
21843
21254
20823
21661
20667
21326
21843
21254
21578
21661
20667
21336
21843
21254
21419
25233
25265
25265
25265
25265
25265
25265
25265
25265
25265
25265
25265
25265
25265
25265
25265
25265
25265
25277
25277
25277
25277
25277
25277
25277
25277
25277
25265
25265
25265
25265
25265
25265
25265
25265
25265
25265
25265
25265
25265
25265
25265
25265
25264
25227
25277
25277
25277
25277
25277
25277
25277
25277
25265
25265
25265
25265
25265
25265
25265
25265
25265
25265
25265
25265
25265
25265
25265
25265
25261
25261
25261
25261
25261
25261
25232
25232
25261
25261
25261
25261
25261
25261
25265
25265
25265
25265
25265
25265
25265
25265
25265
25265
25265
25265
25265
25265
25265
25265
25265
25265
25265
25265
25265
25265
25265
25265
25265
25265
25265
25265
25265
25265
25265
25265
25277
25277
25277
25277
25277
25277
25277
25277
25277
25265
25265
25265
25265
25265
25265
25265
25265
25265
25265
25265
25265
25265
25265
25265
25265
25253
25227
25277
25277
25277
25277
25277
25277
25277
25277
25265
25265
25265
25265
25265
25265
25265
25265
25265
25265
25265
25265
25265
25265
25265
25265
25261
25261
25261
25261
25261
25261
25151
25228
25275
25275
25275
25275
25265
25265
25265
25265
25265
25265
25265
25265
25265
25265
25265
25265
25265
25265
25265
25265
25261
25101
25251
25266
25272
13086
25296
33072
9392
13038
12734
33038
9196
13086
21030
33119
33072
9392
13038
12734
33038
9196
9392
13086
33119
33072
9392
13038
12734
33038
9382
24478
25278
25267
25267
25267
25267
25267
25267
25267
25420
25462
25432
13086
32731
32880
9392
13038
12734
32862
9382
24224
25011
25011
25013
25013
25013
25013
25282
25115
24367
25420
25228
24749
32215
12941
32871
32827
13031
31820
32215
12561
12606
32827
12845
12561
32871
9208
32827
32215
12561
12606
32827
12845
13200
32215
12941
32871
32827
13031
24795
32500
12941
12796
32827
13073
32261
32500
12941
32871
32827
13073
12941
12796
32467
32871
32827
32500
12941
12796
32827
13073
13077
32500
12941
32871
32827
13073
31866
32500
12561
12606
32827
12885
32261
32500
12561
32871
32827
12885
12561
12606
12852
32871
32827
32500
12561
12606
32827
12885
12891
32500
12561
32871
32827
12885
12561
12606
32467
32871
9408
32922
32547
12937
17667
17615
13081
32356
32599
17276
17579
17710
17682
12658
17061
33024
16945
17371
17682
12658
17786
33024
9104
17042
32031
17732
16983
17842
17812
17042
17552
17732
16983
17405
17812
17042
17562
17338
20635
15661
15528
14646
15047
15443
14665
14688
14814
14814
14814
15753
14990
15634
15567
14892
15476
17531
20116
12733
12874
33078
12631
20033
20116
12733
33177
33078
12539
13122
20116
12733
12874
33078
12541
13359
32531
20116
12733
33177
33078
12539
13122
20116
12733
12874
33078
12543
13195
32606
32849
12949
31511
20106
13673
19135
18595
19012
19476
18651
19038
19089
18779
18142
40782
13029
39475
33530
32923
10063
10063
15383
39684
16133
16102
15376
16503
16091
15183
15834
15757
15699
16782
16464
16067
15699
16005
16157
16159
16161
16161
16161
39920
39606
38410
37076
37055
26232
26237
26237
26237
25925
25925
25928
26221
26221
26221
38090
38676
16161
16161
39915
38814
26237
26237
26208
34946
35666
16119
16119
36725
35895
26221
26221
37791
38529
16161
16161
39762
38962
26237
26237
26237
26237
34858
35666
37811
34590
16119
16119
