17905
23459
20360
19006
16264
17300
20618
19374
18064
19153
16270
17362
17290
25318
25414
25529
24765
25057
25470
26390
21604
20967
21720
20634
25474
28900
28050
27800
24792
27733
25362
17730
17731
17731
17731
17731
17731
17731
17731
17731
17731
17731
17731
17731
17731
17731
17731
17731
17731
17731
17731
17731
17731
17731
17731
17731
17731
17731
17731
17731
17731
17731
17731
17731
17731
17818
17818
17818
17818
17818
17818
17818
17818
17818
17818
17818
17818
17818
17818
17818
17818
17818
17818
17818
17818
17818
17818
17818
17818
17818
17818
17818
17818
17818
17818
17818
17818
17818
17818
17818
17818
17818
17818
17818
17818
17818
17818
17818
17818
17818
17818
17818
17818
17818
17818
17818
17818
17818
17818
17818
17818
17818
17818
17818
17818
17818
17818
17818
17818
17818
22565
20370
14271
18102
17153
22353
20531
13194
14536
17654
25263
12132
25151
25570
12228
14010
29839
9980
9980
9980
9980
9980
9980
11247
30485
19510
11194
13996
14227
14225
29308
9978
9980
9980
13590
15446
15453
15453
15453
15254
16261
15927
15817
15269
15453
15453
15736
15422
15653
15454
15454
15454
16258
15928
15815
15269
15953
15269
15201
15450
15450
15450
29180
9978
9980
9980
27769
14225
14232
29712
15453
15453
29286
9970
9980
9980
9970
15888
29870
16030
15811
15436
28480
9968
9980
9980
9968
28365
29470
30371
15450
15450
29180
29166
9978
9980
9980
27769
14223
28962
9970
9980
9980
9970
15888
29870
16030
15811
15436
28480
9968
9980
9980
9968
27769
28365
18123
18123
18123
29180
9978
9980
9980
27769
16730
16737
29712
29465
15450
15450
15450
29286
9970
9980
9980
9970
15888
28963
16030
15811
15433
28480
9968
9980
9980
9968
28365
29459
15447
15447
29180
29166
9978
9980
9980
27769
14220
14218
15927
15817
15266
15266
15450
15450
15450
15450
15243
16981
17692
9742
15194
15450
15450
15450
15450
16203
15800
15775
15266
16088
15761
15264
15266
15451
15451
15451
16252
15915
15758
15266
15895
15189
15159
15447
15447
15447
29233
9978
9980
9980
27788
14222
14229
29663
15450
15450
29397
9970
9980
9980
9970
11986
29322
17944
10013
15226
19211
12390
14001
28638
9968
9980
9980
9968
28198
29268
15447
15447
29424
29405
9978
9980
9980
27606
14220
29320
9970
9980
9980
9970
12406
16376
29106
25289
28638
9968
9980
9980
9968
28198
29657
25613
25613
29424
29405
9978
9980
9980
27606
25508
29320
9970
9980
9980
9970
12390
13724
18968
12237
15221
28686
9968
9980
9980
9968
28198
25606
25606
29424
29405
9978
9980
9980
9980
28198
15441
29649
9970
9980
9980
9970
12534
25088
25136
24992
25209
25209
25209
25209
25209
25379
25444
29307
9978
29617
25611
25611
30616
30298
9980
24568
25541
25541
25609
29654
15446
15448
15448
15448
30430
9980
11281
13984
29294
9974
9980
9980
9974
9974
9980
9980
9974
28402
28523
25612
25612
25612
25613
25613
25613
25612
25612
25544
25544
25613
25613
29630
29611
9978
9980
9980
24574
25544
25544
25612
25612
29397
9978
9980
9980
28718
25509
25513
29975
25612
25612
25612
25612
25544
25544
25612
25612
25546
25546
25544
25544
25544
25544
25614
25614
25614
30616
30298
9980
24663
25378
25378
25378
25378
25378
25378
25443
29300
9978
29611
25614
25614
30616
30298
9980
24574
25544
25544
25612
25614
25614
25614
30616
9980
24887
25544
25544
25612
25612
25614
25614
25614
30120
29808
9980
29031
25503
25209
25209
25209
25209
25209
25379
25444
29618
9978
9980
9980
24568
25541
25541
25609
29654
15444
15444
18242
11281
13984
29259
9970
9980
9980
9970
24132
25376
25373
25420
25232
25153
25153
25410
25410
25430
25605
25605
25605
25335
25420
25232
25153
25153
25249
25249
25359
25359
25539
25539
29633
29608
9978
9980
9980
9678
25353
25609
29166
15444
15444
16979
17692
9970
9970
9980
9980
9970
11986
25081
25085
25265
29055
25434
25434
29475
9978
9980
9980
15189
25502
28634
25606
25606
29233
9978
9980
9980
9966
29149
28545
9538
9540
9540
9550
9550
9540
11658
13608
24933
24910
24838
24838
24838
24838
25020
25089
25156
29697
9548
29383
25543
25543
30762
30294
9554
9242
25281
25285
25035
25529
25529
25529
30390
30066
29723
10224
10226
10226
10026
24680
25579
25579
25579
25579
25579
25579
25645
25645
25645
25461
25461
25462
25575
25577
25577
25642
25642
25642
25389
25389
25389
25392
25516
25389
25389
25389
25446
25449
25453
25485
25389
25392
25642
25642
25642
30362
30226
30226
10226
9842
10211
10215
10217
10217
10228
10228
10213
10217
10217
10228
10228
10228
10028
24435
25581
25581
25581
25581
25581
25581
25647
25647
25647
25642
25642
25642
25647
25647
25647
25647
25642
25642
25615
27766
9542
9542
9552
9552
9542
9542
9552
9552
9542
28480
27855
28130
15255
15255
15255
15267
15267
29649
29828
15263
15263
14542
16321
17506
9843
9307
9719
14257
15250
15351
29596
14939
15054
14810
14416
9588
14234
13291
17506
9843
9047
9467
14257
14481
14846
25255
25319
25127
25133
25381
25063
25063
25271
25505
25505
25505
25635
25127
25127
25133
25499
25509
25509
25509
25509
25639
25639
25639
25271
25271
25272
25223
25271
25271
25272
25255
25319
25291
25175
25509
25509
25509
25509
25635
25639
25639
25639
25501
25505
25505
25631
25127
25127
25127
25133
25381
25063
25063
25271
25381
25223
25319
25127
25241
25223
25631
25127
25127
25387
25387
25444
25447
25451
25634
25634
25634
25459
25459
25575
25575
25634
25634
25634
25572
25577
25577
25577
25577
25643
25643
25643
28808
28328
15255
15255
16018
24958
25187
25161
25169
25145
25145
25209
25209
25312
25052
24897
24788
24788
24788
24788
24857
24924
29697
9548
29442
25541
25541
25541
30714
30390
9554
9548
9548
28664
25435
29888
9554
9554
9548
9548
9548
9554
9554
9294
9548
9548
29280
15276
30714
9554
9554
28699
27967
25533
25533
29426
29418
9548
29273
25541
25541
30272
29952
9554
28386
25424
25417
28118
25527
25527
29430
9548
29277
25541
25541
30280
29962
9554
9544
9548
9548
29521
25541
25541
30851
30527
9554
9554
9548
9548
29521
15277
15277
15277
30851
30527
9554
9548
9548
29071
15461
29314
9554
9554
28085
28865
25542
25542
25542
29747
29734
9548
