7345
7617
7863
8094
8390
8601
8651
8718
9179
9480
9698
9731
9765
9772
9795
9850
9898
9899
9899
9899
9900
9900
9900
9900
9900
9900
9900
9900
9900
9900
9900
9900
9900
9900
9900
9900
9900
9900
9900
9900
9900
9900
9900
9900
9900
9900
9900
9900
9900
9900
9900
9900
9900
9939
10089
10190
10357
10391
10422
10459
10489
10532
10667
10690
10715
10737
10739
10739
10739
10739
10739
10739
10739
10739
10739
10739
10739
10739
10739
10739
10739
10739
10739
10739
10739
10739
10739
10739
10739
10739
10739
10739
10739
10739
10739
10739
10739
10739
10739
10739
10739
10739
10739
10739
10739
10739
10739
10739
10739
10739
10739
10739
10739
10739
10739
10739
10739
10739
10739
10739
10739
10739
10739
10739
10739
10739
10739
10739
10739
10739
10739
10739
10739
10745
10756
10756
10756
10756
10756
10756
10756
10756
10756
10756
10756
10756
10756
10756
10756
10756
10756
10756
10756
10756
10756
10756
10756
10756
10756
10756
10756
10756
10756
10756
10756
10756
10756
10756
10756
10756
10756
10756
10756
10756
10756
10756
10756
10756
10756
10756
10756
10756
10756
10756
10756
10756
10756
10756
10756
10756
10756
10756
10756
10756
10756
10756
10756
10756
10756
10756
10756
10756
10756
10756
10756
10756
10756
10756
10756
10756
10756
10756
10756
10756
10756
10756
10756
10756
10756
10756
10756
10756
10756
10756
10756
10756
10756
10756
10756
10756
10756
10756
10756
10756
10756
10756
10756
10756
10756
10756
10756
10756
10756
10756
10756
10756
10756
10756
10756
10756
10756
10756
10756
10756
10756
10756
10756
10756
10756
10756
10756
10756
10756
10756
10756
10756
10756
10756
10756
10756
10756
10756
10756
10756
10756
10756
10756
10756
10756
10756
10756
10756
10756
10756
10756
10756
10756
10756
10756
10756
10756
10756
10756
10756
10756
10756
10756
10756
10756
10756
10756
10756
10756
10756
10756
10756
10756
10756
10756
10756
10756
10756
10756
10756
10756
10756
10756
10756
10756
10756
10756
10756
10756
10756
10756
10756
10756
10756
10756
10756
10756
10756
10756
10756
10756
10756
10756
10756
10756
10756
10756
10756
10756
10756
10756
10756
10756
10756
10756
10756
10756
10756
10756
10756
10756
10756
10756
10756
10756
10756
10756
10756
10756
10756
10756
10756
10756
10756
10756
10756
10756
10756
10756
10756
10756
10756
10756
10756
10756
10756
10756
10756
10756
10756
10756
10756
10756
10756
10756
10756
10756
10756
10756
10756
10756
10756
10756
10756
10756
10756
10756
10756
10756
10756
10756
10756
10756
10756
10756
10756
10756
10756
10756
10756
10756
10756
10756
10756
10756
10756
10756
10756
10756
10756
10756
10756
10756
10756
10756
10756
10756
10756
10756
10756
10756
10756
10756
10756
10756
10756
10756
10756
10756
10756
10756
10756
10756
10756
10756
10756
10756
10756
10756
10756
10756
10756
10756
10756
10756
10756
10756
10756
10756
10756
10756
10756
10756
10756
10756
10756
10756
10756
10756
10756
10756
10756
10756
10756
10756
10756
10756
10756
10756
10756
10756
10756
10756
10756
10756
10756
10756
10756
10756
10756
10756
10756
10756
10756
10756
10756
10756
10756
10756
10756
10756
10756
10756
10756
10756
10756
10756
10756
10756
10756
10756
10756
10756
10756
10756
10756
10756
10756
10756
10756
10756
10756
10756
10756
10756
10756
10756
10756
10756
10756
10756
10756
10756
10756
10756
10756
10756
10756
10756
10756
10756
10756
10756
10756
10756
10756
10756
10756
10756
10756
10756
10756
10756
10756
10756
10756
10756
10756
10756
10756
10756
10756
10756
10756
10756
10756
10756
10756
10756
10756
10756
10756
10756
10756
10756
10756
10756
10756
10756
10756
10756
10756
10756
10756
10756
10756
10756
10756
10756
10756
10756
10756
10756
10756
10756
10756
10756
10756
10756
10756
10756
10756
10756
10756
10756
10756
10756
10756
10756
10756
10756
10756
10756
10756
10756
10756
10756
10756
10756
10756
10756
10756
10756
10756
10756
10756
10756
10756
10756
10756
10756
10756
10756
10756
10756
10756
10756
10756
10756
10756
10756
10756
10756
10756
10756
10756
10756
10756
10756
10756
10756
10756
10756
10756
10756
10756
10756
10756
10756
10756
10756
10756
10756
10756
10756
10756
10756
10756
10756
10756
10756
10756
10756
10756
10756
10756
10756
10756
10756
10756
10756
10756
10756
10756
10756
10756
10756
10756
10756
10756
10756
10756
10756
10756
10756
10756
10756
10756
10756
10756
10756
10756
10756
10756
10756
10756
10756
10756
10756
10756
10756
10756
10756
10756
10756
10756
10756
10756
10756
10756
10756
10756
10756
10756
10756
10756
10756
10756
10756
10756
10756
10756
10756
10756
10756
10756
10756
10756
10756
10756
10756
10756
10756
10756
10756
10756
10756
10756
10756
10756
10756
10756
10756
10756
10756
10756
10756
10756
10756
10756
10756
10756
10756
10756
10756
10756
10756
10756
10756
10756
10756
10756
10756
10756
10756
10756
10756
10756
10756
10756
10756
10756
10756
10756
10756
10756
10756
10756
10756
10756
10756
10756
10756
10756
10756
10756
10756
10756
10756
10756
10756
10756
10756
10756
10756
10756
10756
10756
10756
10756
10756
10756
10756
10756
10756
10756
10756
10756
10756
10756
10756
10756
10756
10756
10756
10756
10756
10756
10756
10756
10756
10756
10756
10756
10756
10756
10756
10756
10756
10756
10756
10756
10756
10756
10756
10756
10756
10756
10756
10756
10756
10756
10756
10756
10756
10756
10756
10756
10756
10756
10756
10756
10756
10756
10756
10756
10756
10756
10756
10756
10756
10756
10756
10756
10756
10756
10756
10756
10756
10756
10756
10756
10756
10756
10756
10756
10756
10756
10756
10756
10756
10756
10756
10756
10756
10756
10756
10756
10756
10756
10756
10756
10756
10756
10756
10756
10756
10756
10756
10756
10756
10756
10756
10756
10756
10756
10756
10756
10756
10756
10756
10756
10756
10756
10756
10756
10756
10756
10756
10756
10756
10756
10756
10756
10756
10756
10756
10756
10756
10756
10756
10756
10756
10756
10756
10756
10756
10756
10756
10756
10756
10756
10756
10756
10756
10756
10756
10756
10756
10756
10756
10756
10756
10756
10756
10756
10756
10756
10756
10756
10756
10756
10756
10756
10756
10756
10756
10756
10756
10756
10756
10756
10756
10756
10756
10756
10756
10756
10756
10756
10756
10756
10756
10756
10756
10756
