7090
7757
8410
8837
9186
9485
9679
9862
9962
10082
10137
10302
10490
10745
10883
10914
10949
10979
11004
11013
11039
11052
11058
11060
11062
11062
11062
11062
11062
11286
11303
11312
11314
11314
11314
11314
11314
11314
11314
11314
11314
11314
11314
11314
11314
11314
11314
11314
11314
11314
11314
11314
11314
11314
11314
11314
11314
11314
11314
11314
11314
11314
11314
11314
11314
11314
11314
11314
11314
11314
11314
11314
11314
11314
11314
11314
11314
11314
11314
11314
11314
11314
11314
11314
11314
11314
11314
11314
11314
11314
11314
11314
11314
11314
11314
11314
11314
11314
11314
11314
11314
11314
11314
11314
11314
11314
11314
11314
11314
11314
11314
11314
11314
11314
11314
11314
11314
11314
11314
11314
11314
11314
11314
11314
11314
11314
11314
11314
11314
11314
11314
11314
11314
11314
11314
11314
11314
11314
11314
11314
11314
11314
11314
11314
11314
11314
11314
11314
11314
11314
11314
11314
11314
11314
11314
11314
11314
11314
11314
11314
11314
11314
11314
11314
11314
11314
11314
11314
11314
11314
11314
11314
11314
11314
11314
11314
11314
11314
11314
11314
11314
11314
11314
11314
11314
11314
11314
11314
11314
11314
11314
11314
11314
11314
11314
11314
11314
11314
11314
11314
11314
11314
11314
11314
11314
11314
11314
11314
11314
11314
11314
11314
11314
11314
11314
11314
11314
11314
11314
11314
11314
11314
11314
11314
11314
11314
11314
11314
11314
11314
11314
11314
11314
11314
11314
11314
11314
11314
11314
11314
11314
11314
11314
11314
11314
11314
11314
11314
11314
11314
11314
11314
11314
11314
11314
11314
11314
11314
11314
11314
11314
11314
11314
11314
11314
11314
11314
11314
11314
11314
11314
11314
11314
11314
11314
11314
11314
11314
11314
11314
11314
11314
11314
11314
11314
11314
11314
11314
11314
11314
11314
11314
11314
11314
11314
11314
11314
11314
11314
11314
11314
11314
11314
11314
11314
11314
11314
11314
11314
11314
11314
11314
11314
11314
11314
11314
11314
11314
11314
11314
11314
11314
11314
11314
11314
11314
11314
11314
11314
11314
11314
11314
11314
11314
11314
11314
11314
11314
11314
11314
11314
11314
11314
11314
11314
11314
11314
11314
11314
11314
11314
11314
11314
11314
11314
11314
11314
11314
11314
11314
11314
11314
11314
11314
11314
11314
11314
11314
11314
11314
11314
11314
11314
11314
11314
11314
11314
11314
11314
11314
11314
11314
11314
11314
11314
11314
11314
11314
11314
11314
11314
11314
11314
11314
11314
11314
11314
11314
11314
11314
11314
11314
11314
11314
11314
11314
11314
11314
11314
11314
11314
11314
11314
11314
11314
11314
11314
11314
11314
11314
11314
11314
11314
11314
11314
11314
11314
11314
11314
11314
11314
11314
11314
11314
11314
11314
11314
11314
11314
11314
11314
11314
11314
11314
11314
11314
11314
11314
11314
11314
11314
11314
11314
11314
11314
11314
11314
11314
11314
11314
11314
11314
11314
11314
11314
11314
11314
11314
11314
11314
11314
11314
11314
11314
11314
11314
11314
11314
11314
11314
11314
11314
11314
11314
11314
11314
11314
11314
11314
11314
11314
11314
11314
11314
11314
11314
11314
11314
11314
11314
11314
11314
11314
11314
11314
11314
11314
11314
11314
11314
11314
11314
11314
11314
11314
11314
11314
11314
11314
11314
11314
11314
11314
11314
11314
11314
11314
11314
11314
11314
11314
11314
11314
11314
11314
11314
11314
11314
11314
11314
11314
11314
11314
11314
11314
11314
11314
11314
11314
11314
11314
11314
11314
11314
11314
11314
11314
11314
11314
11314
11314
11314
11314
11314
11314
11314
11314
11314
11314
11314
11314
11314
11314
11314
11314
11314
11314
11314
11314
11314
11314
11314
11314
11314
11314
11314
11314
11314
11314
11314
11314
11314
11314
11314
11314
11314
11314
11314
11314
11314
11314
11314
11314
11314
11314
11314
11314
11314
11314
11314
11314
11314
11314
11314
11314
11314
11314
11314
11314
11314
11314
11314
11314
11314
11314
11314
11314
11314
11314
11314
11314
11314
11314
11314
11314
11314
11314
11314
11314
11314
11314
11314
11314
11314
11314
11314
11314
11314
11314
11314
11314
11314
11314
11314
11314
11314
11314
11314
11314
11314
11314
11314
11314
11314
11314
11314
11314
11314
11314
11314
11314
11314
11314
11314
11314
11314
11314
11314
11314
11314
11314
11314
11314
11314
11314
11314
11314
11314
11314
11314
11314
11314
11314
11314
11314
11314
11314
11314
11314
11314
11314
11314
11314
11314
11314
11314
11314
11314
11314
11314
11314
11314
11314
11314
11314
11314
11314
11314
11314
11314
11314
11314
11314
11314
11314
11314
11314
11314
11314
11314
11314
11314
11314
11314
11314
11314
11314
11314
11314
11314
11314
11314
11314
11314
11314
11314
11314
11314
11314
11314
11314
11314
11314
11314
11314
11314
11314
11314
11314
11314
11314
11314
11314
11314
11314
11314
11314
11314
11314
11314
11314
11314
11314
11314
11314
11314
11314
11314
11314
11314
11314
11314
11314
11314
11314
11314
11314
11314
11314
11314
11314
11314
11314
11314
11314
11314
11314
11314
11314
11314
11314
11314
11314
11314
11314
11314
11314
11314
11314
11314
11314
11314
11314
11314
11314
11314
11314
11314
11314
11314
11314
11314
11314
11314
11314
11314
11314
11314
11314
11314
11314
11314
11314
11314
11314
11314
11314
11314
11314
11314
11314
11314
11314
11314
11314
11314
11314
11314
11314
11314
11314
11314
11314
11314
11314
11314
11314
11314
11314
11314
11314
11314
11314
11314
11314
11314
11314
11314
11314
11314
11314
11314
11314
11314
11314
11314
11314
11314
11314
11314
11314
11314
11314
11314
11314
11314
11314
11314
11314
11314
11314
11314
11314
11314
11314
11314
11314
11314
11314
11314
11314
11314
11314
11314
11314
11314
11314
11314
11314
11314
11314
11314
11314
11314
11314
11314
11314
11314
11314
11314
11314
11314
11314
11314
11314
11314
11314
11314
11314
11314
11314
11314
11314
11314
11314
11314
11314
11314
11314
11314
11314
11314
11314
11314
11314
11314
11314
11314
11314
11314
11314
11314
11314
11314
11314
11314
11314
11314
11314
11314
11314
11314
11314
11314
11314
11314
11314
11314
11314
11314
11314
11314
11314
11314
11314
11314
11314
11314
11314
11314
11314
11314
11314
11314
11314
11314
11314
11314
11314
11314
11314
11314
11314
11314
11314
11314
11314
11314
11314
11314
